[?25l[0m[7m[38;2;0;0;0m [0m[38;2;0;0;0;48;2;0;0;0m         [38;2;0;0;1m▁[38;2;1;2;17;48;2;0;0;1m▂[38;2;1;2;22;48;2;0;1;3m▆[38;2;1;1;7;48;2;1;2;17m▗[38;2;2;2;21;48;2;1;2;9m▂[38;2;4;9;37;48;2;1;2;11m▃[38;2;14;15;43;48;2;2;4;22m▕[38;2;14;15;37;48;2;8;9;35m▕[38;2;21;22;48;48;2;8;8;29m▂[38;2;44;35;44;48;2;12;12;34m▂[38;2;45;37;47;48;2;2;4;19m▂[38;2;32;23;42;48;2;10;10;30m▁[38;2;29;21;44;48;2;8;9;38m▂[38;2;31;17;34;48;2;8;10;36m▂[38;2;43;16;16;48;2;17;12;34m▃[38;2;42;18;23;48;2;8;9;35m▆[38;2;70;33;21;48;2;36;18;29m▁[38;2;23;15;32;48;2;96;51;35m▀[38;2;26;15;32;48;2;95;54;37m▀[38;2;88;49;36;48;2;71;36;31m▁[38;2;107;68;55;48;2;51;22;23m▂[38;2;106;66;53;48;2;35;16;23m▂[38;2;102;65;52;48;2;20;13;27m▂[38;2;96;62;52;48;2;27;17;23m▂[38;2;100;63;51;48;2;35;22;21m▂[38;2;108;71;58;48;2;42;28;24m▂[38;2;120;78;65;48;2;46;30;23m▂[38;2;94;62;44;48;2;49;32;24m▂[38;2;55;37;26;48;2;161;90;53m▆[38;2;141;64;33;48;2;67;41;24m▔[38;2;123;52;22;48;2;69;39;21m▔[38;2;85;49;29;48;2;111;49;21m▂[38;2;134;60;27;48;2;102;49;23m▔[38;2;119;74;40;48;2;113;57;27m▔[38;2;143;87;49;48;2;99;56;30m▏[38;2;131;79;45;48;2;88;51;27m▗[38;2;169;105;54;48;2;109;62;35m▃[38;2;174;112;62;48;2;121;69;38m▗[38;2;207;135;68;48;2;103;59;34m▂[38;2;139;92;57;48;2;66;40;26m▖[38;2;74;47;30;48;2;107;64;42m▊[38;2;170;95;49;48;2;109;64;35m▝[38;2;98;58;35;48;2;156;86;37m▃[38;2;150;87;45;48;2;104;59;33m▘[38;2;130;88;70;48;2;110;60;35m▂[38;2;153;103;82;48;2;112;60;36m▂[38;2;153;98;75;48;2;106;56;32m▂[38;2;160;104;78;48;2;108;60;36m▂[38;2;162;103;76;48;2;91;53;30m▂[38;2;159;101;72;48;2;87;50;30m▂[38;2;160;99;69;48;2;107;56;30m▂[38;2;165;99;63;48;2;114;57;29m▂[38;2;165;102;66;48;2;83;46;25m▂[38;2;65;40;20;48;2;137;90;50m▊[38;2;190;113;58;48;2;102;55;26m▖[38;2;81;39;17;48;2;8;3;2m▆[38;2;80;42;19;48;2;11;8;3m▂[38;2;9;7;3;48;2;3;2;1m▁[38;2;4;3;2;48;2;1;1;1m▂[38;2;3;2;2;48;2;0;0;0m▂                 [0m
[7m[38;2;0;0;0m [0m[38;2;0;0;0;48;2;0;0;0m       [38;2;1;0;2m▕[38;2;1;3;23;48;2;0;0;3m▂[38;2;1;2;21;48;2;1;1;6m▖[38;2;2;2;24;48;2;1;1;9m▝[38;2;0;1;8;48;2;1;3;25m▞[38;2;1;2;15;48;2;4;9;41m▀[38;2;7;16;48;48;2;3;6;36m▖[38;2;5;9;40;48;2;3;6;38m▂[38;2;18;20;52;48;2;9;12;43m▁[38;2;30;28;54;48;2;16;18;48m▝[38;2;39;36;54;48;2;17;18;44m▘[38;2;21;17;41;48;2;47;40;49m▅[38;2;36;26;48;48;2;26;21;45m▁[38;2;37;29;51;48;2;29;24;47m▅[38;2;42;36;57;48;2;37;27;48m▏[38;2;44;36;56;48;2;35;25;47m▁[38;2;52;39;51;48;2;43;24;39m▁[38;2;48;28;39;48;2;94;52;34m▆[38;2;41;25;36;48;2;119;72;49m▅[38;2;55;32;36;48;2;118;73;50m▅[38;2;66;39;35;48;2;135;85;56m▅[38;2;91;51;37;48;2;136;83;54m▅[38;2;54;25;18;48;2;128;78;54m▂[38;2;48;24;18;48;2;128;77;52m▂[38;2;31;13;10;48;2;114;67;45m▁[38;2;116;68;48;48;2;75;41;27m▀[38;2;89;45;26;48;2;121;67;42m▏[38;2;142;71;36;48;2;119;69;46m▂[38;2;126;65;36;48;2;134;79;56m▆[38;2;121;55;26;48;2;148;85;49m▅[38;2;122;55;26;48;2;160;90;47m▅[38;2;120;53;24;48;2;155;89;42m▅[38;2;155;82;39;48;2;118;53;23m▀[38;2;174;107;56;48;2;137;72;34m▂[38;2;79;47;26;48;2;145;83;41m▅[38;2;99;55;27;48;2;178;94;42m▔[38;2;103;55;28;48;2;187;96;44m▔[38;2;188;97;42;48;2;99;54;29m▆[38;2;147;69;19;48;2;196;110;52m▏[38;2;191;107;47;48;2;122;73;39m▅[38;2;126;59;23;48;2;183;106;47m▂[38;2;146;77;35;48;2;207;131;62m▅[38;2;168;95;47;48;2;132;66;31m▘[38;2;179;84;37;48;2;127;64;32m▃[38;2;109;62;36;48;2;179;85;34m▔[38;2;133;86;61;48;2;189;95;43m▔[38;2;210;117;67;48;2;190;99;48m▕[38;2;195;91;37;48;2;190;116;75m▅[38;2;158;70;30;48;2;188;97;49m▂[38;2;135;62;31;48;2;191;102;49m▂[38;2;127;68;34;48;2;198;110;54m▂[38;2;122;73;42;48;2;197;109;54m▁[38;2;108;65;34;48;2;192;107;51m▁[38;2;119;69;34;48;2;192;105;51m▃[38;2;105;61;32;48;2;192;107;51m▃[38;2;195;125;64;48;2;125;76;41m▁[38;2;216;144;73;48;2;134;83;45m▁[38;2;210;140;71;48;2;103;62;28m▁[38;2;185;114;56;48;2;99;45;16m▆[38;2;175;92;37;48;2;53;31;16m▅[38;2;127;66;31;48;2;15;8;3m▃[38;2;10;7;5;48;2;5;4;3m▖[38;2;4;4;3;48;2;2;2;2m▅[38;2;3;3;3;48;2;0;0;0m▃               [0m
[7m[38;2;0;0;0m [0m[38;2;0;0;0;48;2;0;0;0m      [38;2;1;1;4;48;2;0;0;1m▕[38;2;2;2;15;48;2;0;1;5m▖[38;2;1;2;7;48;2;2;4;25m▅[38;2;2;4;30;48;2;0;2;13m▗[38;2;2;5;36;48;2;1;3;14m▅[38;2;0;3;16;48;2;3;8;40m▘[38;2;7;16;48;48;2;6;13;45m▝[38;2;6;14;43;48;2;5;9;26m▔[38;2;8;11;42;48;2;6;9;20m▔[38;2;22;24;54;48;2;9;10;22m▔[38;2;32;30;53;48;2;21;19;42m▂[38;2;31;29;50;48;2;16;17;37m▍[38;2;10;10;31;48;2;24;20;39m▊[38;2;43;32;48;48;2;36;27;44m▃[38;2;25;20;32;48;2;36;28;53m▅[38;2;16;15;26;48;2;31;26;50m▅[38;2;46;43;59;48;2;39;31;51m▖[38;2;89;60;56;48;2;58;42;47m▗[38;2;90;61;51;48;2;56;41;49m▖[38;2;88;51;41;48;2;38;26;39m▂[38;2;71;43;39;48;2;87;50;38m▀[38;2;97;60;44;48;2;78;46;36m▂[38;2;124;72;45;48;2;77;41;30m▐[38;2;144;97;74;48;2;41;24;18m▏[38;2;110;65;39;48;2;38;20;16m▆[38;2;87;53;37;48;2;66;38;23m▝[38;2;33;15;12;48;2;138;75;43m▆[38;2;30;15;15;48;2;145;77;41m▆[38;2;56;31;24m▆[38;2;71;38;24;48;2;131;69;37m▆[38;2;151;68;32;48;2;75;45;24m▃[38;2;152;69;33;48;2;75;43;20m▆[38;2;139;65;30;48;2;76;45;20m▆[38;2;98;48;23;48;2;119;58;27m▂[38;2;196;120;62;48;2;128;69;34m▝[38;2;122;65;35;48;2;95;54;32m▎[38;2;171;82;34;48;2;115;61;34m▝[38;2;104;57;25;48;2;184;88;38m▃[38;2;103;58;24;48;2;175;85;39m▃[38;2;110;63;26;48;2;190;100;45m▃[38;2;87;52;23;48;2;176;97;45m▂[38;2;121;61;26;48;2;150;87;44m▋[38;2;171;123;74;48;2;141;74;34m▃[38;2;206;167;108;48;2;142;77;37m▂[38;2;84;54;37;48;2;196;99;47m▆[38;2;67;43;29;48;2;189;110;52m▂[38;2;63;35;24;48;2;191;105;46m▂[38;2;91;49;31;48;2;196;105;46m▂[38;2;111;57;33;48;2;193;100;45m▂[38;2;128;75;45;48;2;184;101;43m▂[38;2;89;53;31;48;2;143;87;48m▀[38;2;126;94;63;48;2;99;57;35m▖[38;2;71;38;26;48;2;158;74;36m▂[38;2;79;40;25;48;2;158;69;31m▂[38;2;156;68;29;48;2;170;79;34m▆[38;2;110;57;26;48;2;155;67;30m▃[38;2;105;56;25;48;2;158;65;29m▃[38;2;161;67;25;48;2;115;58;26m▀[38;2;164;68;25;48;2;113;57;27m▀[38;2;162;66;26;48;2;110;57;26m▀[38;2;150;60;25;48;2;113;59;25m▀[38;2;176;132;83;48;2;125;56;25m▁[38;2;142;90;53;48;2;75;38;19m▁[38;2;41;27;17;48;2;9;8;5m▖[38;2;5;5;5;48;2;8;7;6m▀[38;2;5;5;4;48;2;2;2;2m▆[38;2;4;4;4;48;2;0;0;0m▖ [38;2;1;1;1m▂▏          [0m
[7m[38;2;0;0;0m [0m[38;2;0;0;0;48;2;0;0;0m    [38;2;1;1;1m▁[38;2;2;2;11;48;2;0;0;2m▗[38;2;2;2;17;48;2;1;1;8m▘[38;2;0;1;4;48;2;1;2;9m▐[38;2;2;4;24;48;2;1;2;10m▗[38;2;1;3;28;48;2;2;5;33m▔[38;2;5;8;27;48;2;7;13;44m▁[38;2;19;30;57;48;2;13;22;47m▏[38;2;21;32;55;48;2;18;26;50m▘[38;2;25;26;56;48;2;15;21;44m▗[38;2;18;20;40;48;2;30;32;60m▀[38;2;30;32;62;48;2;16;16;32m▆[38;2;20;20;46;48;2;33;32;61m▘[38;2;35;33;60;48;2;14;15;37m▆[38;2;32;30;56;48;2;15;14;32m▆[38;2;40;32;52;48;2;32;29;52m▗[38;2;59;44;50;48;2;38;30;51m▃[38;2;68;46;50;48;2;19;16;34m▆[38;2;86;58;53;48;2;60;40;46m▕[38;2;93;61;53;48;2;88;55;46m▕[38;2;98;60;43;48;2;72;44;43m▀[38;2;97;61;48;48;2;95;58;44m▏[38;2;105;65;48;48;2;95;59;47m▝[38;2;112;71;56;48;2;98;61;48m▕[38;2;96;58;42;48;2;105;64;46m▔[38;2;71;45;36;48;2;104;65;49m▝[38;2;104;66;50;48;2;41;25;25m▆[38;2;24;11;11;48;2;107;65;44m▔[38;2;28;12;9;48;2;130;77;47m▔[38;2;25;10;12;48;2;125;73;44m▔[38;2;151;77;41;48;2;114;70;44m▀[38;2;148;75;40;48;2;119;65;37m▘[38;2;184;138;85;48;2;128;64;33m▗[38;2;202;160;100;48;2;139;73;39m▂[38;2;198;158;99;48;2;110;66;35m▂[38;2;184;144;91;48;2;96;57;29m▃[38;2;190;152;99;48;2;95;61;32m▃[38;2;189;150;95;48;2;105;71;41m▂[38;2;94;57;28;48;2;210;166;104m▀[38;2;112;71;35;48;2;209;168;109m▀[38;2;128;81;45;48;2;202;159;101m▀[38;2;131;73;35;48;2;201;157;102m▀[38;2;144;75;35;48;2;204;158;102m▀[38;2;208;170;114;48;2;115;69;34m▃[38;2;216;181;122;48;2;100;62;29m▃[38;2;222;180;118;48;2;122;89;56m▔[38;2;115;87;68;48;2;53;32;29m▔[38;2;55;32;23;48;2;102;74;53m▊[38;2;168;124;76;48;2;98;82;57m▀[38;2;191;170;124;48;2;69;56;54m▗[38;2;189;169;129;48;2;99;74;54m▆[38;2;128;138;114;48;2;78;89;77m▎[38;2;177;164;130;48;2;100;95;71m▗[38;2;83;85;69;48;2;141;130;99m▐[38;2;65;84;77;48;2;56;39;33m▅[38;2;65;85;74;48;2;58;58;50m▂[38;2;68;81;71;48;2;124;77;44m▆[38;2;84;87;67;48;2;88;73;50m▗[38;2;91;95;71;48;2;93;61;33m▁[38;2;87;57;30;48;2;96;59;30m▂[38;2;118;76;42;48;2;94;59;28m▕[38;2;96;60;21;48;2;195;155;98m▔[38;2;96;57;18;48;2;207;166;104m▔[38;2;201;156;95;48;2;146;111;70m▍[38;2;119;96;63;48;2;105;74;42m▕[38;2;116;102;68;48;2;78;50;25m▖[38;2;79;51;31;48;2;30;21;13m▖[38;2;17;15;11;48;2;9;8;6m▁[38;2;9;9;7;48;2;6;7;6m▅[38;2;2;2;2;48;2;7;7;7m▀[38;2;3;3;3;48;2;0;0;0m▁[38;2;0;0;0;48;2;1;1;1m▆[38;2;1;1;1;48;2;0;0;0m▁▘▁▁▁▁▁▁ ▁[0m
[38;2;1;1;1;48;2;0;0;0m▗ [38;2;0;0;0;48;2;1;1;1m▅▅[48;2;0;0;1m [38;2;2;3;12;48;2;1;1;7m▕[38;2;1;2;11;48;2;2;3;21m▀[38;2;4;9;34;48;2;1;2;8m▗[38;2;1;3;17;48;2;5;12;40m▀[38;2;6;11;37;48;2;2;5;35m▁[38;2;0;2;9;48;2;2;5;33m▝[38;2;1;2;9;48;2;20;21;50m▀[38;2;7;9;17;48;2;33;31;58m▀[38;2;11;11;19;48;2;32;33;58m▀[38;2;33;33;65;48;2;21;22;46m▗[38;2;34;36;65;48;2;27;32;63m▃[38;2;38;39;69;48;2;33;34;62m▔[38;2;34;33;58;48;2;38;36;59m▔[38;2;43;42;66;48;2;35;34;57m▏[38;2;35;31;53;48;2;47;39;58m▊[38;2;25;18;30;48;2;55;38;52m▀[38;2;19;12;16;48;2;55;41;55m▀[38;2;20;11;14;48;2;56;40;53m▀[38;2;85;56;56;48;2;36;23;28m▁[38;2;23;13;12;48;2;82;54;49m▀[38;2;27;17;17;48;2;93;61;53m▀[38;2;100;62;49;48;2;34;24;21m▅[38;2;101;64;49;48;2;49;32;28m▆[38;2;85;55;45;48;2;104;66;52m▘[38;2;111;71;56;48;2;102;64;51m▎[38;2;120;82;69;48;2;104;67;55m▏[38;2;107;73;61;48;2;102;66;54m▕[38;2;103;69;53;48;2;98;63;50m▔[38;2;107;70;56;48;2;100;65;49m▖[38;2;112;77;61;48;2;100;66;49m▏[38;2;109;71;50;48;2;101;64;44m▕[38;2;99;62;42;48;2;112;71;49m▘[38;2;152;109;70;48;2;110;69;46m▔[38;2;216;173;116;48;2;120;75;49m▔[38;2;210;172;114;48;2;121;76;47m▔[38;2;211;176;119;48;2;116;72;43m▔[38;2;215;179;121;48;2;118;74;45m▔[38;2;214;174;116;48;2;119;75;47m▔[38;2;219;173;114;48;2;125;80;50m▔[38;2;218;179;124;48;2;128;83;50m▔[38;2;212;171;116;48;2;130;85;55m▔[38;2;140;91;58;48;2;127;81;50m▂[38;2;140;94;61;48;2;122;80;51m▃[38;2;136;92;59;48;2;124;81;54m▃[38;2;188;145;101;48;2;136;93;63m▔[38;2;219;186;135;48;2;139;97;67m▔[38;2;139;92;54;48;2;119;84;61m▁[38;2;38;19;11;48;2;130;91;64m▔[38;2;104;73;51;48;2;141;95;64m▀[38;2;117;86;52;48;2;137;95;67m▔[38;2;119;91;67;48;2;129;90;60m▔[38;2;153;122;91;48;2;131;95;65m▕[38;2;141;96;63;48;2;124;92;63m▖[38;2;101;97;71;48;2;136;99;67m▔[38;2;130;103;75;48;2;125;95;65m▕[38;2;106;91;66;48;2;121;91;66m▝[38;2;134;109;75;48;2;121;95;64m▕[38;2;97;94;71;48;2;130;96;64m▔[38;2;110;103;75;48;2;139;103;69m▔[38;2;125;101;72;48;2;145;105;70m▔[38;2;159;114;69;48;2;146;110;72m▗[38;2;179;136;84;48;2;130;93;59m▅[38;2;189;144;89;48;2;141;101;66m▖[38;2;138;102;64;48;2;134;90;60m▝[38;2;137;100;67;48;2;122;88;57m▏[38;2;145;96;64;48;2;84;56;29m▂[38;2;146;97;66;48;2;81;53;28m▂[38;2;118;78;54;48;2;44;32;20m▂[38;2;26;22;16;48;2;16;13;11m▏[38;2;16;14;12;48;2;11;11;9m▂[38;2;3;3;3m▝[38;2;6;6;6;48;2;1;1;1m▖  [38;2;0;0;0m▔ ▔▔▂▔  [0m
[38;2;1;1;1;48;2;0;0;0m▋▂[38;2;0;1;1m▕[38;2;1;1;4;48;2;0;1;1m▕[38;2;3;4;20;48;2;1;2;8m▃[38;2;1;2;7;48;2;2;5;30m▍[38;2;2;4;20;48;2;2;4;32m▝[38;2;4;10;42;48;2;1;4;27m▝[38;2;2;4;25;48;2;7;19;46m▅[38;2;7;16;43;48;2;4;5;27m▘[38;2;48;26;27;48;2;15;9;29m▗[38;2;26;25;50;48;2;43;26;39m▔[38;2;32;21;43;48;2;36;30;54m▅[38;2;36;24;45;48;2;24;23;53m▃[38;2;49;29;45;48;2;40;30;54m▗[38;2;50;28;40;48;2;34;34;63m▆[38;2;61;28;24;48;2;39;35;56m▅[48;2;37;33;55m▅[38;2;59;26;22;48;2;36;34;55m▅[38;2;62;26;19;48;2;49;36;50m▅[38;2;63;28;20;48;2;54;36;47m▅[38;2;93;57;46;48;2;59;32;35m▂[38;2;107;74;57;48;2;79;49;45m▕[38;2;109;69;52;48;2;96;59;48m▗[38;2;106;66;50;48;2;96;59;49m▖[38;2;115;73;54;48;2;99;61;51m▂[38;2;111;74;62m▂[38;2;108;80;73;48;2;101;66;58m▁[38;2;114;81;71;48;2;104;69;62m▂[38;2;112;77;61;48;2;101;65;60m▗[38;2;121;83;73;48;2;103;69;59m▏[38;2;120;71;52;48;2;95;62;51m▗[38;2;100;56;41;48;2;143;66;39m▀[38;2;153;72;42;48;2;111;66;48m▆[38;2;168;95;65;48;2;141;70;40m▏[38;2;140;66;38;48;2;156;76;45m▎[38;2;169;93;52;48;2;157;76;37m▔[38;2;146;62;23;48;2;164;79;42m▕[38;2;182;96;60;48;2;159;76;43m▏[38;2;175;96;52;48;2;153;75;40m▏[38;2;182;112;62;48;2;154;84;48m▂[38;2;187;113;58;48;2;138;80;46m▂[38;2;179;108;56;48;2;127;79;49m▂[38;2;188;116;59;48;2;142;87;51m▂[38;2;182;116;57;48;2;204;133;67m▎[38;2;217;146;78;48;2;195;123;56m▕[38;2;175;103;40;48;2;201;126;63m▏[38;2;185;109;43;48;2;206;137;66m▏[38;2;163;95;27;48;2;202;132;63m▕[38;2;192;121;51;48;2;205;137;65m▕[38;2;225;156;81;48;2;204;132;61m▏[38;2;205;138;65;48;2;197;129;57m▊[38;2;198;127;57;48;2;210;142;70m▊[38;2;185;116;49;48;2;204;138;65m▏[38;2;184;114;43;48;2;200;135;65m▕[38;2;199;131;57;48;2;205;139;65m▗[38;2;197;126;53;48;2;203;137;61m▏[38;2;194;135;65;48;2;203;136;59m▔[38;2;223;154;76;48;2;206;138;60m▏[38;2;214;150;72;48;2;204;136;59m▕[38;2;173;106;34;48;2;196;128;53m▏[38;2;185;124;61;48;2;207;133;56m▔[38;2;194;133;67;48;2;209;139;60m▔[38;2;193;121;45;48;2;207;140;63m▏[38;2;184;123;63;48;2;209;141;58m▔[38;2;186;122;63;48;2;210;141;57m▔[38;2;209;137;60;48;2;197;109;47m▍[38;2;197;108;48;48;2;187;86;36m▀[38;2;189;94;43;48;2;134;75;48m▆[38;2;176;81;38;48;2;170;88;44m▁[38;2;183;84;41;48;2;169;88;45m▂[38;2;189;92;43;48;2;146;81;51m▅[38;2;192;94;41;48;2;128;72;45m▅[38;2;178;90;43;48;2;58;33;19m▅[38;2;64;39;28;48;2;27;19;15m▁[38;2;21;19;16;48;2;16;16;13m▖[38;2;7;7;7;48;2;15;14;13m▔[38;2;10;11;9;48;2;1;1;1m▖   [38;2;2;2;2m▁  [38;2;0;0;0m▝  [0m
[38;2;1;1;1;48;2;0;0;0m▅▅[38;2;1;2;4;48;2;1;1;1m▕[38;2;1;3;6;48;2;5;11;34m▘[38;2;2;6;30;48;2;7;20;63m▔[38;2;1;5;28;48;2;7;19;60m▔[38;2;14;34;65;48;2;7;21;57m▗[38;2;6;21;55;48;2;8;24;59m▏[38;2;23;41;72;48;2;16;35;63m▁[38;2;31;51;81;48;2;17;32;60m▗[38;2;39;30;42;48;2;38;55;82m▔[38;2;38;50;73;48;2;37;59;89m▀[38;2;32;35;60;48;2;33;54;86m▔[38;2;50;66;93;48;2;40;55;82m▏[38;2;44;53;76;48;2;47;65;88m▀[38;2;56;79;96;48;2;45;57;77m▃[38;2;59;48;54;48;2;50;71;85m▔[38;2;58;48;56;48;2;49;71;83m▔[38;2;54;47;53;48;2;55;79;92m▔[38;2;58;51;56;48;2;48;78;94m▔[38;2;53;92;109;48;2;44;73;91m▂[38;2;53;89;105;48;2;55;80;95m▖[38;2;70;98;114;48;2;54;81;98m▏[38;2;61;86;103;48;2;54;77;94m▕[38;2;63;87;103;48;2;55;76;92m▂[38;2;135;116;107;48;2;71;85;101m▂[38;2;75;87;102;48;2;85;100;118m▃[38;2;100;110;125;48;2;73;95;114m▀[38;2;73;114;143;48;2;86;95;109m▃[38;2;77;82;96;48;2;76;113;138m▘[38;2;99;132;159;48;2;75;111;136m▕[38;2;95;100;112;48;2;75;115;143m▔[38;2;51;86;110;48;2;81;114;139m▏[38;2;117;103;110;48;2;81;117;143m▔[38;2;128;151;168;48;2;100;115;129m▏[38;2;95;110;129;48;2;138;126;121m▘[38;2;134;114;108;48;2;152;134;129m▏[38;2;112;122;137;48;2;145;127;124m▁[38;2;126;125;131;48;2;154;128;118m▃[38;2;114;124;135;48;2;152;129;120m▂[38;2;120;134;146;48;2;159;136;127m▂[38;2;110;125;145;48;2;155;131;120m▂[38;2;119;131;140;48;2;151;127;116m▂[38;2;137;123;115;48;2;155;138;130m▕[38;2;121;134;153;48;2;162;138;126m▂[38;2;128;137;151;48;2;158;133;121m▃[38;2;124;130;145;48;2;159;132;117m▃[38;2;135;145;157;48;2;161;139;128m▂[38;2;160;136;121;48;2;160;154;147m▀[38;2;132;138;156;48;2;180;155;134m▂[38;2;176;163;148;48;2;171;140;120m▅[38;2;160;154;149;48;2;173;138;108m▆[38;2;193;159;116;48;2;187;183;173m▔[38;2;196;167;127;48;2;186;186;179m▔[38;2;194;164;120;48;2;182;183;173m▔[38;2;192;158;113;48;2;190;187;177m▔[38;2;201;164;114;48;2;196;192;179m▔[38;2;195;184;159;48;2;154;164;166m▀[38;2;140;152;158;48;2;191;183;163m▃[38;2;145;158;163;48;2;196;182;159m▃[38;2;198;151;96;48;2;186;183;175m▔[38;2;203;159;102;48;2;197;194;180m▔[38;2;207;164;106;48;2;201;198;183m▔[38;2;195;189;172;48;2;194;152;95m▆[38;2;191;178;157;48;2;190;142;84m▆[38;2;198;147;83;48;2;184;177;161m▔[38;2;203;151;96;48;2;176;174;166m▔[38;2;200;187;162;48;2;154;139;137m▖[38;2;170;103;73;48;2;151;145;149m▔[38;2;166;96;67;48;2;149;142;146m▔[38;2;167;96;65;48;2;157;145;142m▔[38;2;171;98;66;48;2;162;146;141m▔[38;2;169;91;57;48;2;166;144;133m▔[38;2;174;90;51;48;2;174;148;132m▔[38;2;77;63;50;48;2;162;132;111m▝[38;2;78;57;43;48;2;26;25;20m▁[38;2;24;23;19;48;2;20;20;16m▂[38;2;12;12;10;48;2;18;18;16m▔[38;2;13;13;11;48;2;1;1;1m▖  [38;2;2;2;2m▂   [38;2;0;0;0m▁ [0m
[7m[38;2;1;1;1m [0m[38;2;2;1;4;48;2;1;1;1m▁[38;2;5;7;31;48;2;2;2;8m▗[38;2;3;5;29;48;2;6;9;33m▏[38;2;5;6;30;48;2;6;14;54m▅[38;2;11;23;71;48;2;4;10;45m▗[38;2;18;36;76;48;2;10;23;66m▕[38;2;7;16;49;48;2;21;41;69m▅[38;2;7;8;27;48;2;21;38;65m▅[38;2;48;50;77;48;2;31;38;64m▕[38;2;54;54;82;48;2;41;52;79m▖[38;2;64;63;88;48;2;44;63;91m▅[38;2;68;67;87;48;2;45;63;88m▅[38;2;43;45;66;48;2;58;65;85m▖[38;2;45;41;56;48;2;65;70;85m▁[38;2;33;27;43;48;2;57;66;81m▃[38;2;49;63;76;48;2;28;21;36m▀[38;2;45;37;50;48;2;55;72;85m▅[38;2;83;61;54;48;2;44;61;79m▂[38;2;58;56;64;48;2;46;82;100m▆[38;2;61;54;54;48;2;57;90;102m▆[38;2;77;55;51;48;2;59;89;98m▅[38;2;131;81;59;48;2;68;86;96m▅[38;2;153;88;55;48;2;70;80;86m▅[38;2;89;55;41;48;2;127;95;84m▃[38;2;104;65;51;48;2;87;94;105m▆[38;2;97;57;42;48;2;87;96;107m▅[38;2;126;76;54;48;2;80;110;132m▆[38;2;131;78;54;48;2;81;115;136m▆[38;2;134;79;53;48;2;88;119;141m▆[38;2;138;80;53;48;2;91;122;141m▆[38;2;132;78;52;48;2;95;123;145m▆[38;2;127;74;48;48;2;83;114;135m▆[38;2;136;77;46;48;2;133;121;121m▅[38;2;101;66;49;48;2;128;116;116m▅[38;2;86;61;46;48;2;133;117;113m▅[38;2;89;68;53;48;2;129;114;106m▖[38;2;142;109;88;48;2;128;127;137m▆[38;2;180;148;100;48;2;132;112;101m▃[38;2;196;173;122;48;2;139;119;102m▃[38;2;194;166;114;48;2;129;131;130m▅[38;2;168;111;66;48;2;163;150;126m▃[38;2;156;98;54;48;2;169;150;127m▅[38;2;184;179;157;48;2;152;120;89m▔[38;2;127;139;149;48;2;197;171;127m▔[38;2;133;141;155;48;2;202;175;132m▔[38;2;132;139;151;48;2;199;172;128m▔[38;2;178;154;116;48;2;203;181;141m▏[38;2;158;147;131;48;2;195;179;148m▝[38;2;188;182;159;48;2;161;150;134m▅[38;2;202;191;168;48;2;185;173;149m▅[38;2;197;188;167;48;2;186;179;162m▊[38;2;192;148;105;48;2;192;186;170m▂[38;2;194;190;174;48;2;195;131;77m▀[38;2;193;125;66;48;2;186;178;158m▆[38;2;192;124;66;48;2;190;176;150m▆[38;2;194;133;72;48;2;200;186;165m▆[38;2;204;139;68;48;2;195;181;154m▅[38;2;209;157;83;48;2;203;188;163m▅[38;2;204;151;80;48;2;201;186;160m▅[38;2;202;150;78;48;2;197;181;156m▅[38;2;201;158;88;48;2;198;188;159m▅[38;2;203;164;95;48;2;199;191;167m▅[38;2;200;160;94;48;2;196;190;168m▅[38;2;140;92;50;48;2;181;159;126m▁[38;2;199;192;163;48;2;141;152;164m▆[38;2;197;193;167;48;2;170;175;172m▃[38;2;207;191;154;48;2;137;149;161m▅[38;2;199;161;107;48;2;188;183;167m▂[38;2;181;166;151;48;2;177;105;58m▀[38;2;176;95;50;48;2;177;157;142m▅[38;2;184;102;54;48;2;174;153;142m▅[38;2;185;104;49;48;2;177;148;122m▖[38;2;168;107;65;48;2;176;165;154m▃[38;2;171;110;68;48;2;161;145;135m▅[38;2;60;53;43;48;2;160;129;93m▝[38;2;39;35;28;48;2;30;27;23m▖[38;2;27;27;24;48;2;23;23;20m▖[38;2;11;11;9m▝[38;2;9;9;8;48;2;2;2;2m▏[48;2;1;1;1m [38;2;2;2;2m▁▖  ▁ [0m
[38;2;2;2;2;48;2;1;1;1m▖[38;2;2;2;6;48;2;3;5;23m▋[38;2;5;10;35;48;2;2;4;16m▘[38;2;13;6;11;48;2;37;15;15m▃[38;2;37;15;17;48;2;13;6;17m▀[38;2;9;4;21;48;2;4;5;25m▏[38;2;40;19;20;48;2;3;4;30m▃[38;2;16;5;20;48;2;2;4;28m▃[38;2;6;7;25;48;2;33;28;44m▘[38;2;44;41;56;48;2;31;32;54m▁[38;2;50;53;77;48;2;37;35;54m▀[38;2;41;43;61;48;2;56;54;74m▆[38;2;46;43;61;48;2;70;63;81m▖[38;2;68;58;73;48;2;60;49;62m▞[38;2;69;46;48;48;2;30;23;39m▃[38;2;33;21;33;48;2;65;39;35m▘[38;2;62;47;59;48;2;48;32;34m▃[38;2;41;41;58;48;2;72;51;45m▆[38;2;38;33;46m▆[38;2;42;33;42;48;2;73;48;42m▆[38;2;103;60;38;48;2;58;40;37m▀[38;2;68;49;43;48;2;115;65;42m▃[38;2;66;44;49;48;2;112;67;50m▆[38;2;83;50;41;48;2;41;30;41m▔[38;2;52;40;49;48;2;42;30;40m▖[38;2;42;30;41;48;2;49;36;44m▝[38;2;57;39;49;48;2;41;30;41m▅[38;2;42;31;43;48;2;58;39;49m▀[38;2;70;46;38;48;2;48;36;46m▔[38;2;129;77;51;48;2;65;44;45m▝[38;2;83;58;54;48;2;127;77;56m▃[38;2;118;76;58;48;2;137;80;51m▆[38;2;63;48;49;48;2;111;67;46m▃[38;2;57;42;41;48;2;131;78;51m▃[38;2;133;91;66;48;2;67;47;41m▏[38;2;69;47;42;48;2;46;35;31m▂[38;2;81;62;50;48;2;51;40;37m▔[38;2;129;97;72;48;2;44;32;27m▀[38;2;66;43;28;48;2;172;132;86m▃[38;2;57;39;26;48;2;187;160;109m▃[38;2;77;57;38;48;2;150;115;76m▃[38;2;162;118;73;48;2;86;49;33m▃[38;2;74;42;23;48;2;79;47;30m▕[38;2;102;60;35;48;2;89;52;35m▝[38;2;151;105;60;48;2;96;59;40m▔[38;2;180;138;90;48;2;95;63;47m▔[38;2;93;58;41;48;2;166;120;76m▅[38;2;55;34;26;48;2;178;129;81m▃[38;2;71;43;33;48;2;195;144;93m▃[38;2;73;45;33;48;2;195;147;100m▃[38;2;94;55;40;48;2;196;138;93m▂[38;2;182;110;60;48;2;202;180;144m▆[38;2;201;127;66;48;2;201;141;85m▆[38;2;183;113;49;48;2;202;130;67m▕[38;2;130;73;42;48;2;196;127;64m▝[38;2;202;134;69;48;2;138;84;52m▃[38;2;144;85;54;48;2;194;138;71m▆[38;2;149;82;50;48;2;201;146;74m▆[38;2;110;54;40;48;2;194;113;60m▃[38;2;102;51;38;48;2;194;106;53m▃[38;2;106;62;45;48;2;185;105;53m▂[38;2;153;79;47;48;2;195;149;85m▆[38;2;184;145;84;48;2;167;102;59m▔[38;2;138;95;64;48;2;178;122;70m▝[38;2;198;159;96;48;2;130;85;55m▃[38;2;139;84;50;48;2;194;171;130m▆[38;2;138;82;48;48;2;202;191;156m▆[38;2;119;71;43;48;2;193;150;99m▆[38;2;181;129;74;48;2;155;93;51m▃[38;2;176;126;72;48;2;139;80;46m▖[38;2;141;83;48;48;2;118;68;43m▘[38;2;126;68;48;48;2;73;41;37m▝[38;2;71;37;33;48;2;146;82;50m▃[38;2;93;49;40;48;2;151;85;51m▂[38;2;149;89;55;48;2;164;93;51m▃[38;2;150;90;55;48;2;165;96;54m▃[38;2;125;80;55;48;2;48;39;32m▍[38;2;28;29;25;48;2;35;33;30m▀[38;2;33;32;29;48;2;27;28;25m▂[38;2;3;3;3;48;2;24;24;23m▝[38;2;2;2;2;48;2;1;1;1m▁[38;2;1;1;1;48;2;2;2;2m▔  ▔[38;2;2;2;2;48;2;1;1;1m▃▃[0m
[38;2;3;4;10;48;2;2;2;2m▕[38;2;4;5;24;48;2;2;3;10m▞[38;2;3;4;17;48;2;2;2;5m▍[38;2;2;3;6;48;2;4;3;11m▊[38;2;5;4;19;48;2;2;3;8m▗[38;2;7;7;23;48;2;4;4;21m▏[38;2;20;8;11;48;2;3;3;14m▔[38;2;6;5;20;48;2;31;27;42m▋[38;2;44;39;53;48;2;39;36;48m▂[38;2;47;41;53;48;2;57;48;56m▆[38;2;42;37;43;48;2;49;38;49m▂[38;2;56;39;42;48;2;35;34;51m▆[38;2;60;41;50;48;2;45;28;35m▘[38;2;64;43;50;48;2;46;25;34m▔[38;2;54;36;37;48;2;41;25;33m▔[38;2;55;44;53;48;2;49;34;43m▗[38;2;68;51;56;48;2;50;42;56m▗[38;2;62;44;43;48;2;49;42;49m▅[38;2;65;42;39;48;2;55;39;43m▆[38;2;59;38;39;48;2;67;41;40m▀[38;2;79;44;38;48;2;59;39;38m▆[38;2;105;75;60;48;2;69;44;39m▝[38;2;100;74;64;48;2;71;55;56m▖[38;2;84;66;62;48;2;62;47;49m▕[38;2;100;78;72;48;2;63;47;47m▃[38;2;114;84;69;48;2;83;63;56m▃[38;2;92;60;48;48;2;130;89;67m▃[38;2;134;96;71;48;2;64;43;48m▅[38;2;120;99;86;48;2;47;37;44m▁[38;2;63;48;55;48;2;43;34;43m▅[38;2;54;40;47;48;2;76;49;53m▊[38;2;97;61;52;48;2;163;98;67m▂[38;2;40;31;43;48;2;59;45;51m▔[38;2;76;54;54;48;2;61;46;51m▁[38;2;168;121;84;48;2;44;35;42m▂[38;2;122;96;77;48;2;48;37;42m▂[38;2;173;144;101;48;2;51;39;39m▂[38;2;123;95;66;48;2;67;45;40m▁[38;2;70;48;41;48;2;72;43;34m▂[38;2;68;45;41;48;2;67;39;31m▖[38;2;70;50;46;48;2;68;41;30m▂[38;2;123;89;59;48;2;66;39;31m▔[38;2;79;47;40;48;2;172;141;95m▅[38;2;65;41;37;48;2;161;120;86m▅[38;2;60;40;37;48;2;141;93;67m▅[38;2;85;54;45;48;2;115;83;70m▊[38;2;98;66;51;48;2;92;55;45m▏[38;2;114;83;61;48;2;104;62;48m▂[38;2;168;121;80;48;2;94;57;46m▖[38;2;123;81;59;48;2;100;60;46m▁[38;2;123;78;51;48;2;89;54;41m▗[38;2;87;51;37;48;2;141;89;61m▀[38;2;170;110;76;48;2;86;50;40m▂[38;2;141;76;48;48;2;96;55;43m▔[38;2;101;60;45;48;2;141;74;45m▅[38;2;103;61;44;48;2;195;122;66m▅[38;2;98;57;42;48;2;200;127;72m▅[38;2;96;57;43;48;2;137;83;53m▅[38;2;123;70;52;48;2;77;47;38m▂[38;2;142;84;60;48;2;96;56;42m▝[38;2;154;101;68;48;2;110;69;52m▗[38;2;124;70;53;48;2;105;59;46m▖[38;2;146;93;67;48;2;120;59;46m▁[38;2;65;38;38;48;2;130;59;44m▃[38;2;68;39;36;48;2;140;67;45m▃[38;2;102;53;41;48;2;193;146;84m▅[38;2;109;60;48;48;2;188;156;97m▅[38;2;163;116;74;48;2;105;62;49m▀[38;2;134;102;70;48;2;116;77;50m▅[38;2;187;151;93;48;2;148;102;65m▔[38;2;163;133;83;48;2;127;88;54m▀[38;2;108;65;38;48;2;169;126;77m▔[38;2;117;69;52;48;2;83;46;39m▂[38;2;133;76;54;48;2;75;41;39m▂[38;2;130;67;49;48;2;89;49;43m▂[38;2;128;66;48;48;2;137;84;57m▃[38;2;144;93;61;48;2;91;62;45m▅[38;2;98;71;54;48;2;41;39;35m▖[38;2;34;34;30;48;2;38;37;34m▝[38;2;33;34;33;48;2;28;30;30m▃[38;2;30;30;29;48;2;4;4;4m▖[38;2;1;1;1;48;2;2;2;2m▘     [0m
[38;2;3;3;9;48;2;2;2;4m▗[38;2;3;4;13;48;2;2;3;7m▍[38;2;4;4;16;48;2;2;3;5m▍[38;2;3;3;8;48;2;10;12;24m▀[38;2;2;3;8;48;2;7;8;25m▘[38;2;15;6;21;48;2;3;4;16m▀[38;2;17;5;7;48;2;40;17;14m▀[38;2;30;20;25;48;2;47;41;51m▎[38;2;47;48;64;48;2;41;41;60m▗[38;2;51;43;53;48;2;41;42;56m▔[38;2;54;47;55;48;2;44;37;46m▍[38;2;53;36;35;48;2;89;52;42m▀[38;2;50;31;29;48;2;84;46;33m▀[38;2;54;32;30;48;2;44;26;31m▖[38;2;49;31;32;48;2;72;53;57m▀[38;2;84;74;78;48;2;62;51;54m▖[38;2;65;46;48;48;2;55;48;51m▀[38;2;71;51;50;48;2;54;48;49m▀[38;2;59;48;47;48;2;71;47;43m▅[38;2;72;47;44;48;2;52;44;49m▀[38;2;53;55;66;48;2;72;47;44m▂[38;2;54;57;70;48;2;64;46;44m▂[38;2;78;55;54;48;2;63;49;57m▝[38;2;65;57;71;48;2;66;49;56m▁[38;2;74;61;72;48;2;67;47;47m▂[38;2;93;66;69;48;2;61;45;45m▁[38;2;84;50;47;48;2;56;45;47m▂[38;2;126;92;77;48;2;57;45;48m▔[38;2;135;101;87;48;2;61;44;44m▀[38;2;122;90;78;48;2;83;58;53m▀[38;2;120;91;87;48;2;71;54;54m▆[38;2;70;56;60;48;2;98;81;91m▀[38;2;130;99;84;48;2;76;61;66m▗[38;2;68;51;52;48;2;175;128;87m▀[38;2;145;100;76;48;2;92;64;59m▖[38;2;67;56;64;48;2;46;44;55m▁[38;2;48;47;49;48;2;139;109;77m▅[38;2;175;131;88;48;2;85;69;57m▀[38;2;172;126;80;48;2;83;62;51m▅[38;2;68;50;45;48;2;180;131;83m▀[38;2;176;131;95;48;2;75;59;52m▁[38;2;126;98;78;48;2;60;47;43m▁[38;2;29;36;40;48;2;53;43;42m▖[38;2;59;50;48;48;2;49;41;41m▂[38;2;87;65;54;48;2;55;41;41m▃[38;2;57;40;38;48;2;97;69;53m▀[38;2;68;42;38;48;2;110;77;57m▀[38;2;72;47;40;48;2;109;77;57m▀[38;2;92;57;47;48;2;152;111;76m▅[38;2;136;104;75;48;2;75;47;42m▔[38;2;127;86;71;48;2;83;49;41m▕[38;2;146;106;78;48;2;100;60;51m▀[38;2;153;93;80;48;2;107;66;56m▁[38;2;170;103;80;48;2;117;74;61m▁[38;2;162;98;65;48;2;145;76;56m▕[38;2;171;110;73;48;2;146;91;62m▃[38;2;144;87;62;48;2;119;75;68m▔[38;2;154;101;80;48;2;86;61;62m▀[38;2;97;67;68;48;2;152;101;83m▃[38;2;167;111;74;48;2;137;89;70m▁[38;2;166;109;64;48;2;130;84;64m▁[38;2;167;124;76;48;2;131;85;64m▗[38;2;165;120;83;48;2;120;76;60m▖[38;2;162;117;80;48;2;102;67;54m▀[38;2;183;133;83;48;2;144;91;64m▗[38;2;190;158;123;48;2;126;72;55m▁[38;2;172;158;120;48;2;114;62;48m▁[38;2;145;84;59;48;2;111;61;51m▅[38;2;134;75;56;48;2;73;45;41m▆[38;2;107;61;49;48;2;142;84;59m▀[38;2;184;149;96;48;2;110;69;51m▁[38;2;154;101;64;48;2;129;77;56m▂[38;2;127;77;57;48;2;133;82;62m▀[38;2;130;84;61;48;2;149;97;70m▊[38;2;134;69;53;48;2;141;89;62m▔[38;2;182;113;73;48;2;133;83;60m▁[38;2;116;76;54;48;2;164;108;69m▘[38;2;178;115;74;48;2;70;55;45m▍[38;2;50;48;45;48;2;45;43;39m▂[38;2;39;39;36;48;2;43;42;39m▝[38;2;39;38;37;48;2;10;9;9m▊[48;2;2;2;2m [38;2;3;3;3m▁ ▏▖ [0m
[38;2;3;4;17;48;2;2;2;6m▐[38;2;3;4;19;48;2;3;3;9m▆[38;2;3;4;20;48;2;3;3;11m▆[38;2;5;5;23;48;2;13;12;25m▆[38;2;16;10;18;48;2;11;7;22m▖[38;2;9;5;22;48;2;3;4;16m▆[38;2;19;8;21;48;2;52;40;51m▊[38;2;78;59;60;48;2;56;48;60m▂[38;2;84;61;56;48;2;48;47;63m▆[38;2;81;58;53;48;2;49;46;60m▆[38;2;75;53;55;48;2;57;40;47m▏[38;2;56;39;44;48;2;81;48;38m▆[38;2;51;35;39;48;2;91;52;38m▅[38;2;50;33;41;48;2;46;30;32m▕[38;2;60;47;54;48;2;74;70;78m▊[38;2;89;81;90;48;2;66;64;73m▃[38;2;97;81;89;48;2;58;53;62m▃[38;2;97;82;86;48;2;59;53;59m▃[38;2;92;79;83;48;2;57;52;58m▃[38;2;60;59;65;48;2;69;68;78m▊[38;2;77;81;90;48;2;64;64;75m▁[38;2;58;62;77;48;2;67;71;80m▝[38;2;71;73;83;48;2;52;51;66m▆[38;2;67;57;73;48;2;84;71;78m▔[38;2;93;71;73;48;2;78;64;75m▅[38;2;69;51;34;48;2;85;61;56m▗[38;2;71;59;44;48;2;69;44;31m▃[38;2;71;59;45;48;2;61;37;25m▅[38;2;64;44;32;48;2;78;66;51m▀[38;2;82;65;47;48;2;56;35;24m▃[38;2;145;94;56;48;2;67;47;36m▁[38;2;161;98;64;48;2;83;55;51m▂[38;2;168;105;73;48;2;91;66;65m▂[38;2;122;85;62;48;2;95;70;67m▂[38;2;144;97;69;48;2;99;70;68m▂[38;2;155;100;70;48;2;105;70;63m▃[38;2;149;97;68;48;2;72;61;57m▅[38;2;165;108;76;48;2;106;78;64m▃[38;2;133;87;60;48;2;184;138;89m▆[38;2;105;78;59;48;2;187;136;87m▆[38;2;85;70;58;48;2;178;125;82m▆[38;2;64;62;55;48;2;117;89;66m▆[38;2;63;61;56;48;2;39;43;46m▅[38;2;74;68;61;48;2;56;52;49m▂[38;2;126;89;69;48;2;50;49;49m▃[38;2;122;85;65;48;2;68;61;55m▃[38;2;128;85;56;48;2;102;75;56m▃[38;2;136;89;62;48;2;104;70;47m▃[38;2;141;102;81;48;2;111;80;62m▖[38;2;119;93;75;48;2;104;79;64m▏[38;2;162;108;87;48;2;121;85;66m▕[38;2;141;91;67;48;2;168;101;78m▆[38;2;136;91;64;48;2;165;98;73m▅[38;2;144;136;107;48;2;171;110;77m▂[38;2;165;157;123;48;2;145;85;56m▂[38;2;192;170;132;48;2;186;109;78m▂[38;2;177;162;123;48;2;163;97;72m▂[38;2;197;164;118;48;2;127;83;64m▃[38;2;112;77;63;48;2;192;151;110m▀[38;2;172;127;90;48;2;160;114;76m▖[38;2;108;89;71;48;2;179;127;70m▆[38;2;94;85;68;48;2;139;102;61m▆[38;2;87;77;59;48;2;180;139;88m▆[38;2;177;162;131;48;2;85;73;53m▂[38;2;195;184;146;48;2;115;95;73m▂[38;2;108;106;83;48;2;173;153;115m▆[38;2;119;106;84;48;2;179;171;131m▆[38;2;179;140;93;48;2;140;111;78m▆[38;2;199;152;97;48;2;133;86;60m▆[38;2;201;149;93;48;2;148;95;64m▆[38;2;195;159;110;48;2;189;130;72m▂[38;2;171;174;148;48;2;171;123;69m▂[38;2;182;129;79;48;2;117;72;55m▆[38;2;179;130;81;48;2;119;72;57m▆[38;2;145;114;86;48;2;175;115;71m▂[38;2;186;147;103;48;2;174;116;75m▃[38;2;144;115;92;48;2;167;117;78m▆[38;2;73;61;52;48;2;155;117;82m▕[38;2;44;49;48;48;2;57;54;50m▁[38;2;48;48;46;48;2;52;51;49m▀[38;2;38;42;43;48;2;47;47;46m▏[38;2;35;35;35;48;2;3;3;4m▏[38;2;3;3;3;48;2;2;2;2m▃▂▗▃▂[0m
[38;2;3;4;14;48;2;4;4;18m▔[38;2;4;5;20;48;2;4;4;17m▀[38;2;3;6;23;48;2;3;5;19m▝[38;2;4;6;23;48;2;4;7;21m▔[38;2;4;6;20;48;2;5;8;23m▏[38;2;27;27;40;48;2;7;10;27m▕[38;2;31;27;40;48;2;66;63;83m▋[38;2;64;57;66;48;2;79;73;85m▀[38;2;80;67;73;48;2;68;60;65m▗[38;2;67;55;60;48;2;77;61;62m▊[38;2;81;69;71;48;2;66;55;58m▂[38;2;90;85;89;48;2;67;62;69m▃[38;2;85;87;90;48;2;65;66;70m▅[38;2;82;89;95;48;2;71;73;76m▅[38;2;87;98;112;48;2;77;87;100m▐[38;2;94;95;99;48;2;77;84;94m▁[38;2;120;102;92;48;2;87;85;90m▂[38;2;91;89;95;48;2;81;81;86m▏[38;2;75;85;90;48;2;62;73;78m▃[38;2;99;88;83;48;2;83;84;83m▗[38;2;60;71;77;48;2;108;93;84m▂[38;2;72;80;87;48;2;127;100;85m▂[38;2;79;81;80;48;2;122;94;80m▂[38;2;81;81;82;48;2;121;92;79m▂[38;2;69;62;54;48;2;120;85;64m▃[38;2;95;67;42;48;2;76;65;48m▘[38;2;149;103;62;48;2;83;70;54m▃[38;2;95;77;60;48;2;163;111;70m▀[38;2;99;77;57;48;2;162;107;69m▔[38;2;113;78;48;48;2;163;107;62m▔[38;2;187;121;75;48;2;158;98;49m▕[38;2;153;118;85;48;2;173;111;68m▁[38;2;146;113;80;48;2;173;115;74m▃[38;2;107;99;78;48;2;159;115;77m▂[38;2;115;100;79;48;2;152;109;74m▂[38;2;133;112;85;48;2;173;124;82m▂[38;2;156;114;76;48;2;99;88;68m▀[38;2;144;101;72;48;2;88;80;61m▔[38;2;96;84;65;48;2;135;108;73m▀[38;2;152;124;87;48;2;92;84;70m▆[38;2;112;95;73;48;2;167;134;93m▘[38;2;168;134;92;48;2;183;149;106m▊[38;2;164;134;96;48;2;182;149;106m▕[38;2;187;161;119;48;2;159;138;118m▅[38;2;145;103;75;48;2;170;146;116m▔[38;2;180;149;109;48;2;159;113;81m▗[38;2;178;152;107;48;2;161;100;57m▃[38;2;177;160;128;48;2;169;114;80m▃[38;2;134;140;117;48;2;136;97;73m▃[38;2;142;142;116;48;2;115;90;67m▆[38;2;121;93;71;48;2;154;151;123m▔[38;2;159;139;105;48;2;161;162;137m▀[38;2;142;138;112;48;2;145;153;128m▏[38;2;154;155;129;48;2;141;154;131m▕[38;2;164;162;134;48;2;184;168;134m▘[38;2;201;184;149;48;2;163;147;117m▀[38;2;162;134;102;48;2;173;157;128m▂[38;2;157;138;104;48;2;167;149;116m▃[38;2;123;107;76;48;2;170;149;112m▗[38;2;97;88;61;48;2;158;136;104m▖[38;2;182;159;124;48;2;122;109;85m▆[38;2;211;194;154;48;2;162;153;121m▖[38;2;167;170;145;48;2;143;131;109m▃[38;2;176;169;143;48;2;152;135;110m▃[38;2;117;113;90;48;2;172;159;123m▃[38;2;138;125;92;48;2;179;163;120m▃[38;2;131;123;96;48;2;159;157;122m▃[38;2;107;113;88;48;2;149;146;109m▃[38;2;113;123;95;48;2;161;160;127m▖[38;2;189;147;100;48;2;176;175;150m▔[38;2;187;163;122;48;2;199;188;155m▂[38;2;188;175;142;48;2;152;142;112m▊[38;2;136;120;86;48;2;150;144;112m▔[38;2;155;145;110;48;2;182;161;117m▞[38;2;152;120;86;48;2;193;165;119m▔[38;2;171;143;99;48;2;195;163;116m▕[38;2;192;166;127;48;2;146;127;108m▏[38;2;158;132;115;48;2;130;110;88m▊[38;2;112;104;88;48;2;50;58;57m▍[38;2;64;62;59;48;2;50;53;52m▊[38;2;62;63;61;48;2;47;52;54m▖[38;2;47;50;53;48;2;4;4;4m▍[38;2;3;2;2;48;2;3;3;3m▎    [0m
[38;2;4;5;18;48;2;3;4;16m▀[48;2;4;5;16m▔[38;2;3;6;17;48;2;4;4;16m▐[38;2;4;7;18;48;2;4;7;19m▆[38;2;4;7;19;48;2;7;10;25m▊[38;2;6;10;27;48;2;5;9;25m▁[38;2;5;9;27;48;2;57;66;89m▍[38;2;76;70;82;48;2;81;76;92m▕[38;2;75;61;69;48;2;85;72;82m▝[38;2;74;57;65;48;2;95;68;72m▘[38;2;104;66;63;48;2;116;83;79m▎[38;2;108;89;88;48;2;100;90;95m▏[38;2;104;100;109;48;2;84;81;92m▗[38;2;87;82;86;48;2;92;85;91m▔[38;2;103;93;98;48;2;87;83;90m▕[38;2;96;89;91;48;2;115;99;97m▞[38;2;136;107;88;48;2;97;86;81m▝[38;2;121;96;78;48;2;87;79;78m▖[38;2;121;100;87;48;2;101;87;82m▝[38;2;111;95;87;48;2;111;92;80m▖[38;2;91;80;74;48;2;108;90;78m▕[38;2;124;111;102;48;2;112;96;86m▁[38;2;121;102;86;48;2;108;92;81m▀[38;2;110;94;78;48;2;104;87;73m▘[38;2;81;66;53;48;2;117;86;66m▘[38;2;93;68;42;48;2;116;81;47m▅[38;2;84;65;40;48;2;155;106;59m▅[38;2;84;65;39;48;2;165;113;66m▅[38;2;82;65;43;48;2;163;111;70m▅[38;2;125;96;62;48;2;95;79;56m▔[38;2;153;124;97;48;2;111;95;71m▗[38;2;148;122;93;48;2;122;107;83m▃[38;2;145;119;89;48;2;114;102;80m▅[38;2;136;117;88;48;2;176;142;100m▀[38;2;166;141;106;48;2;125;111;85m▎[38;2;176;145;102;48;2;122;103;80m▅[38;2;135;113;82;48;2;193;156;120m▀[38;2;162;147;121;48;2;130;106;79m▆[38;2;151;130;99;48;2;170;152;122m▕[38;2;126;115;94;48;2;157;139;110m▁[38;2;161;157;135;48;2;146;137;113m▕[38;2;122;114;96;48;2;148;151;128m▁[38;2;108;115;98;48;2;149;152;128m▁[38;2;124;134;119;48;2;171;166;140m▁[38;2;158;153;127;48;2;163;165;147m▀[38;2;146;153;134;48;2;192;170;128m▆[38;2;119;100;70;48;2;141;143;116m▔[38;2;152;148;127;48;2;102;115;102m▊[38;2;57;96;107;48;2;104;120;106m▁[38;2;94;113;104;48;2;130;140;120m▆[38;2;160;162;139;48;2;118;131;112m▂[38;2;182;171;138;48;2;98;110;96m▃[38;2;188;177;150;48;2;89;104;92m▃[38;2;130;131;110;48;2;189;174;145m▘[38;2;203;186;149;48;2;181;165;131m▊[38;2;179;160;127;48;2;158;138;104m▎[38;2;188;169;130;48;2;137;114;85m▅[38;2;180;161;123;48;2;188;170;133m▕[38;2;192;178;139;48;2;184;170;132m▏[38;2;185;171;137;48;2;170;156;128m▊[38;2;171;160;131;48;2;141;125;101m▅[38;2;125;125;102;48;2;193;178;144m▕[38;2;183;175;144;48;2;154;150;123m▗[38;2;171;154;127;48;2;185;175;144m▀[38;2;131;137;116;48;2;176;168;140m▐[38;2;130;136;110;48;2;179;173;137m▎[38;2;177;172;138;48;2;149;154;127m▎[38;2;159;173;149;48;2;131;139;113m▔[38;2;154;165;143;48;2;128;133;107m▔[38;2;141;142;116;48;2;182;164;128m▋[38;2;185;163;123;48;2;196;170;127m▋[38;2;192;165;124;48;2;140;140;114m▘[38;2;141;146;118;48;2;124;134;110m▔[38;2;160;152;116;48;2;128;137;111m▝[38;2;179;156;115;48;2;194;166;123m▏[38;2;154;149;115;48;2;182;157;117m▖[38;2;169;158;121;48;2;137;131;109m▖[38;2;133;126;115;48;2;156;135;122m▏[38;2;136;121;103;48;2;50;60;63m▍[38;2;65;66;64;48;2;50;59;62m▀[38;2;62;63;61;48;2;68;69;67m▀[38;2;2;2;2;48;2;59;61;63m▐[38;2;3;2;2;48;2;3;3;3m▏  [38;2;2;2;2m▃ [0m
[38;2;4;5;15;48;2;4;5;16m▖[38;2;5;5;16;48;2;4;5;15m▔[38;2;4;5;15;48;2;4;6;16m▍[38;2;4;7;18;48;2;4;7;17m▊[38;2;4;6;17;48;2;6;9;23m▊[38;2;5;8;22;48;2;5;8;23m▁[38;2;5;8;24;48;2;60;70;96m▍[38;2;95;83;94;48;2;87;78;91m▆[38;2;93;68;72;48;2;94;77;87m▐[38;2;111;76;74;48;2;96;64;61m▍[38;2;95;61;54;48;2;115;91;88m▍[38;2;114;103;103;48;2;103;97;102m▘[38;2;104;96;103;48;2;92;85;92m▝[38;2;78;80;89;48;2;94;86;88m▗[38;2;108;107;113;48;2;85;87;94m▕[38;2;106;104;112;48;2;96;93;99m▗[38;2;90;87;90;48;2;95;87;86m▖[38;2;123;102;86;48;2;95;89;87m▝[38;2;127;101;84;48;2;99;89;88m▘[38;2;91;82;79;48;2;105;91;86m▏[38;2;115;96;86;48;2;107;89;77m▂[38;2;125;105;94;48;2;102;86;72m▐[38;2;142;116;99;48;2;118;99;85m▖[38;2;107;87;72;48;2;132;105;85m▀[38;2;165;126;98;48;2;144;108;85m▗[38;2;154;118;91;48;2;126;102;80m▎[38;2;113;97;77;48;2;104;91;72m▏[38;2;136;111;86;48;2;100;81;59m▅[38;2;153;123;94;48;2;97;85;73m▅[38;2;150;123;93;48;2;101;89;72m▅[38;2;114;104;92;48;2;151;123;90m▁[38;2;150;123;98;48;2;141;115;88m▂[38;2;153;127;105;48;2;143;117;92m▁[38;2;162;131;102;48;2;149;117;84m▂[38;2;183;152;116;48;2;158;122;86m▁[38;2;150;136;98;48;2;155;116;79m▁[38;2;165;119;88;48;2;201;155;117m▅[38;2;180;135;104;48;2;190;164;128m▅[38;2;121;113;99;48;2;166;143;117m▗[38;2;101;99;89;48;2;143;137;111m▅[38;2;138;146;130;48;2;113;111;95m▁[38;2;156;150;126;48;2;107;99;83m▁[38;2;86;86;74;48;2;104;102;86m▗[38;2;84;84;74;48;2;105;105;91m▅[38;2;102;104;96;48;2;138;143;125m▆[38;2;98;109;101;48;2;128;144;129m▅[38;2;162;164;154;48;2;107;125;116m▃[38;2;154;157;147;48;2;108;120;121m▆[38;2;149;155;162;48;2;106;132;131m▖[38;2;115;134;134;48;2;74;111;127m▅[38;2;158;158;138;48;2;117;127;124m▅[38;2;181;167;143;48;2;146;143;124m▂[38;2;146;140;127;48;2;204;190;167m▅[38;2;183;170;141;48;2;214;201;170m▅[38;2;196;183;148;48;2;175;164;131m▘[38;2;172;162;134;48;2;163;153;128m▊[38;2;184;169;136;48;2;157;144;118m▀[38;2;156;145;118;48;2;174;160;127m▃[38;2;122;128;111;48;2;162;153;125m▗[38;2;143;140;117;48;2;164;156;132m▎[38;2;121;133;117;48;2;174;168;137m▖[38;2;98;122;112;48;2;166;164;143m▗[38;2;134;146;130;48;2;117;137;125m▐[38;2;99;125;125;48;2;140;151;128m▁[38;2;138;147;123;48;2;123;143;123m▝[38;2;139;155;130;48;2;172;169;137m▆[38;2;148;157;131;48;2;133;149;127m▀[38;2;121;131;108;48;2;153;156;130m▐[38;2;145;148;123;48;2;124;132;109m▐[38;2;101;108;100;48;2;148;149;127m▁[38;2;143;146;127;48;2;183;166;130m▂[38;2;145;148;124;48;2;114;131;116m▏[38;2;121;131;113;48;2;175;164;135m▍[38;2;176;164;136;48;2;122;134;114m▊[38;2;116;129;110;48;2;151;147;117m▆[38;2;162;158;129;48;2;151;150;122m▋[38;2;158;152;122;48;2;184;168;134m▞[38;2;168;155;139;48;2;118;116;112m▖[38;2;139;125;110;48;2;85;83;80m▍[38;2;74;75;73;48;2;54;63;63m▆[38;2;69;70;68;48;2;79;79;76m▀[38;2;5;5;5;48;2;69;69;70m▐[38;2;4;4;4;48;2;3;3;3m▝▊[38;2;3;3;3;48;2;4;4;4m▂▋[38;2;4;4;4;48;2;3;3;3m▏[0m
[38;2;4;5;14;48;2;4;5;15m▋▂[38;2;5;8;19m▝[38;2;5;7;18;48;2;5;8;19m▕[38;2;6;9;23;48;2;5;7;18m▝[38;2;6;8;20;48;2;6;10;24m▁[38;2;84;90;109;48;2;14;19;35m▐[38;2;100;101;105;48;2;100;85;86m▊[38;2;115;87;84;48;2;92;77;78m▐[38;2;109;84;76;48;2;95;68;57m▘[38;2;104;68;55;48;2;124;102;101m▎[38;2;111;119;124;48;2;96;105;109m▂[38;2;102;101;101;48;2;105;114;114m▀[38;2;97;105;108;48;2;72;95;108m▎[38;2;86;111;123;48;2;67;97;110m▏[38;2;98;123;128;48;2;94;101;107m▅[38;2;99;103;105;48;2;96;122;130m▀[38;2;106;132;141;48;2;96;103;108m▅[38;2;89;114;124;48;2;81;97;105m▗[38;2;68;104;120;48;2;108;104;109m▃[38;2;105;115;124;48;2;105;99;101m▅[38;2;92;97;98;48;2;125;120;119m▋[38;2;100;109;110;48;2;122;111;106m▖[38;2;101;98;100;48;2;131;116;109m▂[38;2;125;116;112;48;2;116;110;106m▏[38;2;115;115;108;48;2;100;94;87m▆[38;2;103;109;106;48;2;71;79;76m▆[38;2;98;104;100;48;2;92;86;75m▆[38;2;86;94;88;48;2;136;119;100m▃[38;2;127;112;89;48;2;120;116;110m▃[38;2;125;121;109;48;2;95;105;103m▏[38;2;54;87;102;48;2;107;111;104m▃[38;2;85;100;109;48;2;139;118;103m▅[38;2;97;110;115;48;2;169;133;94m▆[38;2;106;123;127;48;2;156;134;98m▆[38;2;94;113;105;48;2;108;132;142m▀[38;2;87;118;125;48;2;166;144;110m▅[38;2;108;111;108;48;2;183;151;117m▃[38;2;138;142;134;48;2;176;166;142m▂[38;2;150;164;153;48;2;101;129;124m▏[38;2;149;155;141;48;2;114;134;126m▕[38;2;97;113;106;48;2;141;138;117m▃[38;2;91;102;92;48;2;114;122;107m▞[38;2;112;123;110;48;2;84;90;79m▆[38;2;141;139;119;48;2;109;118;104m▗[38;2;181;167;143;48;2;118;117;105m▆[38;2;198;185;156;48;2;149;150;146m▆[38;2;170;163;145;48;2;193;182;158m▐[38;2;164;155;135;48;2;199;191;178m▆[38;2;160;156;141;48;2;189;184;168m▆[38;2;174;177;172;48;2;158;160;155m▕[38;2;126;135;139;48;2;165;166;157m▗[38;2;178;167;147;48;2;130;136;140m▀[38;2;138;142;145;48;2;185;175;153m▆[38;2;148;147;139;48;2;158;157;149m▝[38;2;174;172;156;48;2;156;154;141m▃[38;2;196;190;171;48;2;162;162;150m▃[38;2;192;189;177;48;2;147;157;155m▋[38;2;154;165;166;48;2;121;147;152m▁[38;2;121;146;157;48;2;140;158;148m▆[38;2;117;141;147;48;2;169;178;174m▗[38;2;131;144;139;48;2;131;149;142m▖[38;2;73;111;128;48;2;132;152;153m▃[38;2;126;153;159;48;2;93;128;138m▆[38;2;110;141;146;48;2;136;162;169m▋[38;2;107;143;143;48;2;92;128;134m▞[38;2;148;162;149;48;2;117;143;145m▀[38;2;148;161;156;48;2;116;134;126m▃[38;2;117;140;140;48;2;151;150;129m▆[38;2;129;142;128;48;2;89;127;138m▘[38;2;80;118;139;48;2;112;136;129m▃[38;2;126;144;152;48;2;123;141;132m▂[38;2;182;169;141;48;2;114;137;138m▝[38;2;168;160;136;48;2;97;124;130m▘[38;2;124;137;128;48;2;158;162;142m▊[38;2;139;145;138;48;2;162;163;148m▝[38;2;135;140;135;48;2;161;159;154m▘[38;2;159;150;145;48;2;128;125;122m▘[38;2;115;114;105;48;2;72;80;81m▍[38;2;76;78;77;48;2;85;85;81m▘[38;2;94;91;85;48;2;76;78;75m▎[38;2;2;2;2;48;2;74;76;76m▐[38;2;3;3;3;48;2;4;4;4m▏▎▕[38;2;4;4;4;48;2;3;3;3m▅▅[0m
[38;2;4;4;5;48;2;4;5;12m▖[38;2;4;5;7;48;2;5;5;13m▃[38;2;4;5;10;48;2;4;5;14m▖[38;2;5;5;8;48;2;4;6;16m▃[38;2;7;9;16;48;2;5;6;10m▐[38;2;11;7;10;48;2;6;8;14m▁[38;2;9;9;16;48;2;87;85;91m▋[38;2;93;74;68;48;2;96;89;91m▐[38;2;100;70;61;48;2;95;55;40m▘[38;2;118;78;67;48;2;93;58;44m▂[38;2;118;102;99;48;2;108;79;68m▐[38;2;117;102;105;48;2;104;97;100m▊[38;2;99;96;98;48;2;107;103;105m▋[38;2;86;96;109;48;2;103;100;103m▝[38;2;76;80;97;48;2;90;98;111m▂[38;2;72;82;96;48;2;102;110;119m▃[38;2;106;116;124;48;2;94;95;102m▀[38;2;108;106;115;48;2;108;130;141m▆[38;2;92;96;101;48;2;107;113;121m▗[38;2;86;97;105;48;2;113;114;121m▋[38;2;105;110;123;48;2;76;86;104m▀[38;2;71;79;91;48;2;125;117;120m▏[38;2;139;131;120;48;2;95;98;100m▝[38;2;82;86;85;48;2;142;129;115m▃[38;2;75;76;72;48;2;125;112;96m▖[38;2;122;112;113;48;2;97;109;104m▆[38;2;108;111;112;48;2;52;82;93m▆[38;2;88;102;108;48;2;33;74;94m▆[38;2;102;107;114;48;2;66;90;101m▃[38;2;123;119;120;48;2;66;91;100m▅[38;2;117;118;120;48;2;106;108;111m▏[38;2;125;126;125;48;2;121;108;98m▀[38;2;80;86;91;48;2;135;121;107m▂[38;2;70;88;99;48;2;125;128;124m▆[38;2;49;80;94;48;2;63;100;116m▆[38;2;39;69;88;48;2;66;102;123m▆[38;2;45;90;110;48;2;33;62;80m▀[38;2;45;85;113;48;2;37;70;91m▔[38;2;45;69;84;48;2;96;96;102m▋[38;2;139;130;129;48;2;72;92;103m▍[38;2;65;79;88;48;2;102;110;109m▖[38;2;105;112;111;48;2;86;99;101m▊[38;2;129;120;112;48;2;97;112;106m▅[38;2;156;143;126;48;2;132;118;116m▀[38;2;150;133;121;48;2;126;108;107m▀[38;2;126;107;98;48;2;166;144;125m▅[38;2;170;146;123;48;2;100;90;87m▀[38;2;140;116;101;48;2;193;162;125m▃[38;2;108;93;80;48;2;183;154;122m▁[38;2;131;115;106;48;2;172;148;122m▃[38;2;122;107;101;48;2;166;142;116m▃[38;2;117;101;95;48;2;158;136;114m▃[38;2;158;137;113;48;2;107;96;86m▀[38;2;138;122;110;48;2;172;154;130m▅[38;2;143;130;129;48;2;179;159;133m▃[38;2;203;180;150;48;2;158;144;139m▀[38;2;208;185;157;48;2;149;134;128m▀[38;2;163;151;132;48;2;89;91;90m▀[38;2;57;79;78;48;2;168;153;136m▂[38;2;143;127;106;48;2;184;178;174m▆[38;2;61;85;84;48;2;125;127;107m▁[38;2;91;99;92;48;2;133;130;110m▁[38;2;115;116;112;48;2;121;137;138m▃[38;2;149;158;146;48;2;75;91;92m▀[38;2;127;144;138;48;2;92;107;106m▀[38;2;154;139;114;48;2;104;116;109m▂[38;2;95;102;96;48;2;133;140;132m▅[38;2;108;119;113;48;2;117;125;117m▕[38;2;151;139;116;48;2;94;114;110m▃[38;2;134;129;112;48;2;88;108;107m▖[38;2;155;154;133;48;2;115;121;110m▝[38;2;107;111;102;48;2;158;149;129m▂[38;2;116;116;104;48;2;148;144;133m▃[38;2;88;99;96;48;2;119;118;107m▐[38;2;98;102;98;48;2;126;120;109m▖[38;2;171;148;119m▀[38;2;118;116;107;48;2;169;145;123m▖[38;2;154;131;110;48;2;110;106;98m▀[38;2;117;112;104;48;2;76;85;85m▘[38;2;69;74;74;48;2;97;96;94m▏[38;2;84;87;86;48;2;79;82;80m▗[38;2;71;72;72;48;2;4;4;4m▍ [38;2;3;3;3m▎   [0m
[38;2;4;4;5;48;2;5;6;11m▋[38;2;5;6;13;48;2;5;5;8m▗[38;2;4;5;8;48;2;4;5;13m▘[38;2;4;5;10;48;2;5;5;5m▍[38;2;7;6;11;48;2;4;4;5m▝[38;2;5;5;10;48;2;10;7;14m▅[38;2;70;65;71;48;2;10;8;16m▕[38;2;110;75;66;48;2;103;92;94m▐[38;2;117;87;77;48;2;103;63;49m▗[38;2;121;96;92;48;2;122;115;115m▀[38;2;114;105;104;48;2;116;100;95m▁[38;2;119;104;98;48;2;103;95;102m▊[38;2;120;107;109;48;2;101;95;102m▗[38;2;114;103;106;48;2;124;109;109m▔[38;2;92;89;101;48;2;122;108;111m▔[38;2;103;100;105;48;2;123;111;114m▝[38;2;104;99;99;48;2;121;111;110m▘[38;2;116;107;116;48;2;129;116;117m▐[38;2;98;97;100;48;2;124;112;115m▕[38;2;57;79;94;48;2;94;100;102m▂[38;2;109;107;106;48;2;96;95;99m▋[38;2;62;72;94;48;2;104;98;102m▗[38;2;100;97;95;48;2;50;69;93m▀[38;2;127;119;113;48;2;83;96;109m▝[38;2;97;85;78;48;2;113;110;111m▃[38;2;109;106;111;48;2;64;78;92m▀[38;2;50;75;98;48;2;84;86;89m▆[38;2;44;71;88;48;2;126;106;95m▆[38;2;35;59;77;48;2;110;98;89m▃[38;2;90;89;94;48;2;124;105;97m▁[38;2;105;100;102;48;2;98;94;93m▖[38;2;45;73;91;48;2;109;104;97m▃[38;2;46;63;69;48;2;64;85;106m▍[38;2;59;86;110;48;2;42;76;96m▎[38;2;52;82;101;48;2;34;71;94m▖[38;2;73;95;113;48;2;27;63;88m▗[38;2;99;117;133;48;2;24;63;85m▁[38;2;16;66;87;48;2;21;59;78m▃[38;2;23;59;77;48;2;99;96;102m▋[38;2;84;91;107;48;2;120;112;118m▝[38;2;55;70;88;48;2;111;103;103m▋[38;2;139;126;120;48;2;91;94;98m▔[38;2;130;111;100;48;2;90;87;87m▃[38;2;157;137;122;48;2;112;103;102m▃[38;2;131;126;129;48;2;102;95;97m▃[38;2;159;133;120;48;2;116;106;106m▁[38;2;155;152;145;48;2;107;104;103m▆[38;2;170;154;142;48;2;126;114;106m▆[38;2;123;108;99;48;2;169;145;132m▔[38;2;136;118;109;48;2;156;137;131m▔[38;2;145;119;109;48;2;144;130;124m▔[38;2;113;114;114;48;2;117;98;87m▆[38;2;153;150;148;48;2;117;106;100m▅[38;2;169;164;167;48;2;133;130;132m▖[38;2;163;153;153;48;2;133;126;128m▅[38;2;139;129;129;48;2;154;142;138m▔[38;2;135;130;131;48;2;84;91;87m▋[38;2;163;129;105;48;2;71;85;83m▆[38;2;170;139;122;48;2;98;104;95m▅[38;2;120;110;97;48;2;70;88;85m▅[38;2;134;122;113;48;2;56;78;81m▅[38;2;80;92;90;48;2;138;128;119m▔[38;2;118;122;118;48;2;142;130;120m▘[38;2;126;124;107;48;2;69;91;91m▋[38;2;82;99;96;48;2;154;138;120m▎[38;2;173;146;123;48;2;129;123;107m▋[38;2;120;126;124;48;2;103;113;111m▞[38;2;143;139;130;48;2;121;123;118m▞[38;2;131;130;120;48;2;158;147;133m▂[38;2;51;85;98;48;2;93;107;107m▗[38;2;68;103;106;48;2;97;117;109m▆[38;2;81;105;108;48;2;151;148;127m▅[38;2;93;106;106;48;2;70;97;100m▕[38;2;101;115;108;48;2;79;97;101m▀[38;2;131;127;119;48;2;109;114;110m▐[38;2;106;110;106;48;2;156;141;127m▋[38;2;169;146;133;48;2;139;129;118m▖[38;2;111;111;105;48;2;59;78;85m▊[38;2;84;96;97;48;2;63;80;85m▗[38;2;95;99;98;48;2;83;92;93m▘[38;2;76;79;78;48;2;83;90;90m▕[38;2;46;47;47;48;2;5;5;5m▏[48;2;4;4;4m  [38;2;5;5;5m▖ ▁[0m
[38;2;4;4;4;48;2;5;5;5m▗[38;2;5;5;6;48;2;5;5;10m▍[38;2;4;5;12;48;2;5;5;9m▀[38;2;5;6;10;48;2;5;5;6m▍[38;2;5;5;6;48;2;5;5;11m▀[38;2;5;5;7;48;2;5;5;12m▘[38;2;14;11;14;48;2;4;4;11m▁[38;2;24;23;28;48;2;107;80;76m▎[38;2;123;98;93;48;2;113;68;54m▐[38;2;131;124;127;48;2;121;122;134m▏[38;2;128;130;141;48;2;110;106;112m▖[38;2;112;97;94;48;2;120;104;99m▊[38;2;119;102;97;48;2;128;111;108m▍[38;2;130;116;111;48;2;125;112;110m▁[38;2;133;120;112;48;2;114;105;106m▖[38;2;131;122;125;48;2;126;116;118m▗[38;2;100;100;107;48;2;117;114;115m▖[38;2;94;101;106;48;2;127;115;113m▃[38;2;127;118;121;48;2;107;105;109m▘[38;2;119;114;113;48;2;86;99;107m▃[38;2;107;107;106;48;2;117;118;123m▊[38;2;84;96;115;48;2;128;121;123m▞[38;2;62;81;104;48;2;72;92;116m▞[38;2;62;86;104;48;2;108;107;112m▊[38;2;119;116;119;48;2;91;97;99m▀[38;2;103;104;108;48;2;61;80;92m▘[38;2;65;84;104;48;2;133;123;129m▀[38;2;40;73;94;48;2;94;108;126m▀[38;2;50;90;113;48;2;20;64;91m▅[38;2;70;104;127;48;2;27;61;91m▃[38;2;71;118;146;48;2;56;88;112m▂[38;2;80;123;139;48;2;55;97;117m▅[38;2;52;96;107;48;2;93;114;126m▍[38;2;86;116;137;48;2;51;84;106m▘[38;2;62;91;104;48;2;35;74;95m▃[38;2;44;76;92;48;2;74;96;112m▋[38;2;58;95;127;48;2;100;115;133m▃[38;2;22;74;96;48;2;70;107;129m▝[38;2;59;95;109;48;2;20;61;84m▅[38;2;147;132;133;48;2;72;92;104m▐[38;2;186;167;152;48;2;133;127;132m▃[38;2;145;141;140;48;2;124;116;115m▎[38;2;152;131;115;48;2;116;110;112m▀[38;2;120;113;118;48;2;141;129;128m▍[38;2;147;143;152;48;2;153;129;126m▂[38;2;169;144;125;48;2;172;160;153m▘[38;2;173;159;148;48;2;125;121;123m▋[38;2;107;106;109;48;2;127;122;127m▅[38;2;128;125;129;48;2;147;142;139m▊[38;2;147;140;138;48;2;117;130;131m▃[38;2;128;120;120;48;2;155;150;144m▂[38;2;77;92;96;48;2;122;117;117m▔[38;2;124;115;106;48;2;152;140;136m▎[38;2;163;150;144;48;2;100;103;108m▘[38;2;158;143;145;48;2;106;108;115m▂[38;2;114;114;119;48;2;134;129;130m▘[38;2;132;131;137;48;2;123;112;102m▊[38;2;181;142;120;48;2;115;109;103m▀[38;2;136;127;125;48;2;116;117;115m▋[38;2;125;120;118;48;2;84;96;99m▐[38;2;142;129;116;48;2;158;139;138m▃[38;2;92;103;108;48;2;162;133;110m▂[38;2;107;111;105;48;2;47;80;95m▘[38;2;68;88;92;48;2;48;72;87m▀[38;2;72;98;102;48;2;146;133;115m▂[38;2;125;115;111;48;2;185;147;120m▁[38;2;122;124;117;48;2;72;94;97m▞[38;2;146;143;135;48;2;103;116;117m▔[38;2;130;131;124;48;2;78;104;112m▔[38;2;65;101;109;48;2;47;84;97m▗[38;2;73;103;109;48;2;92;113;115m▋[38;2;88;109;115;48;2;55;85;98m▎[38;2;90;107;112;48;2;58;92;106m▀[38;2;116;118;120;48;2;144;137;137m▐[38;2;99;107;106;48;2;122;122;121m▃[38;2;91;103;108;48;2;116;120;118m▀[38;2;92;102;104;48;2;128;123;116m▂[38;2;81;96;98;48;2;109;115;114m▊[38;2;101;107;106;48;2;85;96;97m▍[38;2;94;102;101;48;2;82;94;95m▕[38;2;84;92;92;48;2;22;23;22m▋[38;2;5;5;5;48;2;4;4;4m▕[38;2;4;4;4;48;2;5;5;5m▔[38;2;5;5;5;48;2;4;4;4m▃[38;2;4;4;4;48;2;5;5;5m▞▂[38;2;5;5;5;48;2;4;4;4m▁[0m
[38;2;5;5;5;48;2;4;4;4m▅[48;2;5;5;8m▍[38;2;5;5;7;48;2;6;6;10m▐[38;2;6;6;10;48;2;5;5;6m▐[38;2;5;5;10;48;2;6;6;11m▁[38;2;8;7;11m▕[38;2;15;11;15m▔[38;2;97;70;64;48;2;13;11;15m▝[38;2;132;87;78;48;2;128;88;79m▏[38;2;113;120;135;48;2;115;110;115m▝[38;2;126;132;142;48;2;115;118;125m▋[38;2;113;107;107;48;2;111;97;91m▏[38;2;125;111;104;48;2;117;101;98m▅[38;2;130;120;116;48;2;124;109;105m▝[38;2;129;116;114;48;2;109;104;102m▆[38;2;133;119;119;48;2;114;109;112m▞[38;2;89;101;111;48;2;111;109;114m▗[38;2;92;100;107;48;2;128;122;120m▋[38;2;130;122;124;48;2;110;108;112m▖[38;2;92;104;120;48;2;129;124;130m▐[38;2;137;131;126;48;2;112;116;118m▗[38;2;121;119;127;48;2;122;115;114m▔[38;2;101;100;107;48;2;134;123;117m▘[38;2;90;102;116;48;2;113;117;122m▕[38;2;56;90;112;48;2;118;123;120m▆[38;2;95;108;116;48;2;53;90;108m▀[38;2;117;119;118;48;2;148;143;147m▂[38;2;72;108;133;48;2;124;129;139m▝[38;2;57;94;119;48;2;29;82;109m▖[38;2;27;77;102;48;2;56;108;138m▆[38;2;71;118;146;48;2;39;82;105m▀[38;2;103;117;129;48;2;40;88;121m▀[38;2;71;98;110;48;2;34;71;90m▎[38;2;70;96;113;48;2;40;75;92m▅[38;2;67;93;112;48;2;45;85;103m▘[38;2;31;73;90;48;2;50;90;108m▀[38;2;29;73;95;48;2;51;97;120m▆[38;2;46;84;98;48;2;88;119;142m▆[38;2;57;92;109;48;2;53;87;100m▘[38;2;88;107;121;48;2;70;100;112m▔[38;2;68;97;111;48;2;177;157;153m▅[38;2;40;82;108;48;2;150;145;147m▂[38;2;55;86;111;48;2;144;144;150m▁[38;2;123;121;130;48;2;143;134;135m▀[38;2;124;118;122;48;2;145;135;138m▘[38;2;132;128;135;48;2;68;90;107m▀[38;2;86;103;113;48;2;129;126;132m▖[38;2;126;128;129;48;2;151;142;142m▔[38;2;174;159;158;48;2;146;132;127m▁[38;2;201;169;162;48;2;145;134;130m▂[38;2;110;116;120;48;2;146;137;137m▕[38;2;98;111;119;48;2;134;131;133m▗[38;2;145;138;136;48;2;127;126;132m▘[38;2;146;138;138;48;2;97;102;108m▀[38;2;112;119;125;48;2;135;128;129m▘[38;2;124;127;117;48;2;149;141;143m▔[38;2;121;123;102;48;2;146;136;123m▝[38;2;146;143;128;48;2;118;122;106m▆[38;2;104;120;123;48;2;158;156;148m▁[38;2;157;147;130;48;2;191;168;145m▞[38;2;53;89;100;48;2;116;128;124m▝[38;2;72;104;116;48;2;31;77;98m▏[38;2;51;92;108;48;2;18;62;89m▗[38;2;26;73;93;48;2;62;95;110m▐[38;2;18;73;94;48;2;33;68;89m▅[38;2;137;129;123;48;2;59;93;108m▝[38;2;45;86;103;48;2;86;107;113m▆[38;2;118;130;129;48;2;71;104;116m▘[38;2;104;119;123;48;2;40;77;94m▗[38;2;47;92;106;48;2;85;114;115m▆[38;2;119;127;123;48;2;37;83;98m▐[38;2;33;80;99;48;2;124;134;125m▆[38;2;112;125;124;48;2;66;101;111m▐[38;2;114;123;125;48;2;177;161;145m▅[38;2;122;127;126;48;2;99;111;112m▞[38;2;81;101;112;48;2;102;113;116m▅[38;2;94;110;118;48;2;73;96;105m▍[38;2;73;97;104;48;2;95;110;114m▖[38;2;71;88;95;48;2;94;107;110m▋[38;2;83;88;90;48;2;89;100;103m▕[38;2;60;62;63;48;2;7;7;7m▘[38;2;4;4;4;48;2;5;5;5m▂[38;2;5;5;5;48;2;4;4;4m▆[48;2;5;5;5m  [38;2;4;4;4m▏ [0m
[38;2;6;6;6;48;2;5;5;5m▔[38;2;5;5;6m▕[48;2;5;6;9m▖[38;2;6;6;9;48;2;5;5;7m▞[38;2;5;6;9;48;2;6;8;13m▆[38;2;5;6;10;48;2;8;10;16m▆[38;2;5;5;10;48;2;5;6;11m▆[38;2;5;5;11;48;2;4;5;10m▗[38;2;8;7;13;48;2;107;75;70m▖[38;2;126;107;103;48;2;122;110;109m▆[38;2;123;102;96;48;2;116;117;126m▃[38;2;119;106;102;48;2;116;98;88m▏[38;2;140;125;118;48;2;132;116;109m▝[38;2;121;108;98;48;2;139;123;114m▞[38;2;145;131;127;48;2;134;121;117m▞[38;2;123;118;117;48;2;74;94;106m▋[38;2;105;108;103;48;2;81;98;108m▂[38;2;101;111;119;48;2;78;96;107m▔[38;2;84;101;113;48;2;111;112;110m▖[38;2;119;118;116;48;2;93;101;109m▋[38;2;79;97;110;48;2;108;115;119m▋[38;2;87;101;105;48;2;127;132;133m▀[38;2;71;96;96;48;2;109;116;115m▂[38;2;68;92;101;48;2;106;117;126m▁[38;2;47;81;92;48;2;54;95;117m▁[38;2;70;99;116;48;2;112;127;133m▀[38;2;69;89;90;48;2;102;113;120m▊[38;2;58;91;106;48;2;135;131;136m▃[38;2;124;123;132;48;2;98;114;123m▘[38;2;147;142;139;48;2;68;99;115m▂[38;2;84;112;134;48;2;86;103;107m▀[38;2;44;82;107;48;2;118;123;132m▔[38;2;48;77;89;48;2;107;116;123m▝[38;2;59;87;94;48;2;88;110;125m▎[38;2;81;108;123;48;2;54;95;115m▂[38;2;74;98;112;48;2;77;102;114m▕[38;2;84;115;124;48;2;65;97;111m▕[38;2;63;98;108;48;2;111;125;123m▀[38;2;85;110;115;48;2;57;92;102m▎[38;2;61;94;105;48;2;47;84;97m▖[38;2;48;87;103;48;2;78;105;117m▆[38;2;37;82;101;48;2;79;109;118m▃[38;2;54;95;113;48;2;34;80;103m▎[38;2;95;103;113;48;2;48;85;103m▔[38;2;79;99;111;48;2;109;122;128m▏[38;2;59;97;113;48;2;156;146;147m▅[38;2;80;104;116;48;2;105;117;124m▗[38;2;67;96;107;48;2;128;129;136m▅[38;2;164;147;148;48;2;101;111;114m▀[38;2;183;155;150;48;2;116;118;125m▔[38;2;138;137;148;48;2;102;112;122m▃[38;2;118;123;137;48;2;88;103;117m▅[38;2;110;116;129;48;2;40;74;98m▘[38;2;96;104;107;48;2;132;129;128m▘[38;2;107;107;105;48;2;137;127;120m▖[38;2;138;133;125;48;2;65;95;107m▋[38;2;37;77;99;48;2;103;110;111m▆[38;2;106;115;118;48;2;50;85;104m▀[38;2;75;105;118;48;2;37;82;104m▀[38;2;108;128;123;48;2;59;96;107m▝[38;2;147;152;143;48;2;104;131;132m▅[38;2;110;128;130;48;2;134;147;144m▞[38;2;143;154;149;48;2;76;108;119m▃[38;2;91;122;127;48;2;62;102;114m▃[38;2;102;134;140;48;2;45;90;107m▂[38;2;46;103;117;48;2;30;81;102m▂[38;2;37;89;107;48;2;26;75;96m▞[38;2;53;98;114;48;2;36;85;106m▘[38;2;26;91;116;48;2;10;62;89m▅[38;2;53;114;134;48;2;14;67;94m▃[38;2;149;157;157;48;2;70;108;122m▗[38;2;50;96;114;48;2;108;133;139m▀[38;2;115;135;137;48;2;83;113;124m▖[38;2;110;132;141;48;2;90;115;126m▖[38;2;104;124;132;48;2;89;113;124m▂[38;2;96;116;126;48;2;122;134;138m▘[38;2;60;88;102;48;2;92;111;118m▂[38;2;100;116;123;48;2;81;102;112m▞[38;2;66;95;113;48;2;90;107;114m▃[38;2;23;24;25;48;2;76;89;97m▐[38;2;4;4;4;48;2;5;5;5m▘  [38;2;6;6;6m▔▎▔ [0m
[38;2;6;6;6;48;2;5;5;5m▔ [38;2;5;5;5;48;2;6;6;7m▆[38;2;6;6;9;48;2;5;6;7m▘[38;2;5;5;7;48;2;6;6;9m▆[38;2;6;6;9;48;2;5;5;9m▁[48;2;5;6;9m [38;2;5;6;10;48;2;7;8;13m▅[38;2;38;31;34;48;2;8;9;13m▕[38;2;44;38;43;48;2;129;109;106m▖[38;2;128;104;98;48;2;131;111;106m▝[38;2;129;104;97;48;2;140;115;109m▘[38;2;146;124;117;48;2;135;116;110m▅[38;2;139;122;114;48;2;130;116;109m▋[38;2;150;138;129;48;2;141;126;119m▅[38;2;131;126;120;48;2;96;105;104m▎[38;2;93;100;92;48;2;107;112;105m▞[38;2;92;98;92;48;2;127;116;106m▞[38;2;131;117;105;48;2;97;102;102m▃[38;2;99;111;119;48;2;75;93;90m▔[38;2;84;98;108;48;2;62;85;82m▀[38;2;90;104;108;48;2;65;87;101m▆[38;2;100;116;115;48;2;66;95;102m▗[38;2;93;105;97;48;2;72;98;99m▖[38;2;94;110;115;48;2;60;89;108m▆[38;2;66;93;98;48;2;95;108;111m▁[38;2;27;73;90;48;2;94;114;120m▗[38;2;41;82;100;48;2;81;107;113m▞[38;2;79;103;106;48;2;133;137;140m▀[38;2;108;123;129;48;2;100;110;107m▅[38;2;91;110;114;48;2;153;144;141m▆[38;2;168;163;166;48;2;140;142;152m▀[38;2;149;153;164;48;2;110;122;141m▋[38;2;152;155;160;48;2;110;127;140m▆[38;2;106;120;136;48;2;128;135;144m▕[38;2;77;103;116;48;2;110;131;151m▀[38;2;103;126;138;48;2;76;102;113m▆[38;2;67;103;119;48;2;97;122;131m▕[38;2;24;83;105;48;2;30;93;113m▍[38;2;47;99;118;48;2;77;120;137m▂[38;2;85;123;139;48;2;57;92;108m▆[38;2;52;97;117;48;2;40;91;111m▏[38;2;40;93;112;48;2;35;87;109m▕[38;2;83;123;139;48;2;50;93;108m▁[38;2;109;129;137;48;2;61;95;109m▂[38;2;41;86;105;48;2;126;134;140m▀[38;2;119;131;143;48;2;76;104;115m▆[38;2;126;125;115;48;2;127;133;140m▁[38;2;140;125;119;48;2;139;132;131m▖[38;2;99;110;116;48;2;128;130;139m▃[38;2;66;89;106;48;2;152;145;152m▂[38;2;37;78;99;48;2;117;122;119m▝[38;2;93;113;113;48;2;26;74;96m▆[38;2;102;117;116;48;2;128;132;129m▏[38;2;123;128;126;48;2;74;101;110m▋[38;2;85;116;122;48;2;43;90;108m▘[38;2;94;112;115;48;2;38;80;102m▁[38;2;70;98;111;48;2;92;113;121m▍[38;2;109;127;130;48;2;51;90;110m▅[38;2;83;113;121;48;2;111;130;132m▏[38;2;177;169;155;48;2;125;138;132m▗[38;2;115;122;124;48;2;154;150;143m▝[38;2;166;162;152;48;2;111;123;123m▞[38;2;92;121;123;48;2;150;151;142m▝[38;2;68;112;126;48;2;134;145;142m▐[38;2;41;96;113;48;2;69;119;130m▊[38;2;90;131;143;48;2;46;103;114m▅[38;2;79;116;128;48;2;133;152;152m▂[38;2;95;128;138;48;2;52;99;119m▖[38;2;45;102;121;48;2;69;117;134m▀[38;2;102;131;141;48;2;75;117;132m▐[38;2;66;107;121;48;2;104;133;143m▐[38;2;84;119;129;48;2;128;146;152m▍[38;2;101;122;135;48;2;122;141;148m▗[38;2;84;107;120;48;2;106;124;133m▋[38;2;79;106;118;48;2;94;115;129m▝[38;2;29;75;97;48;2;88;113;129m▘[38;2;72;102;121;48;2;60;96;118m▎[38;2;19;22;26;48;2;65;95;117m▗[38;2;16;18;20;48;2;5;5;5m▔[38;2;6;6;6m▂▔  [38;2;5;5;5;48;2;6;6;6m▆▆[38;2;6;6;6;48;2;5;5;5m▔[0m
[38;2;5;5;5;48;2;6;6;6m▏[38;2;6;6;6;48;2;5;5;5m▗▘[38;2;5;5;5;48;2;6;6;6m▂[38;2;6;6;8;48;2;5;6;6m▘[38;2;7;8;9;48;2;6;7;8m▕[38;2;8;12;13;48;2;6;6;7m▀[38;2;9;12;14;48;2;6;6;8m▀[38;2;7;10;13;48;2;6;7;9m▘[38;2;54;49;51;48;2;12;12;15m▕[38;2;61;57;57;48;2;134;112;108m▖[38;2;147;119;114;48;2;142;114;107m▀[38;2;137;114;106;48;2;146;123;115m▅[38;2;127;113;105;48;2;135;120;110m▂[38;2;141;128;118;48;2;135;123;113m▁[38;2;143;134;125;48;2;128;122;111m▁[38;2;118;111;99;48;2;108;104;92m▘[38;2;131;119;106;48;2;115;109;95m▗[38;2;122;114;98;48;2;114;108;92m▏[38;2;128;119;105;48;2;99;105;93m▆[38;2;133;116;100;48;2;87;100;89m▂[38;2;109;115;104;48;2;122;118;102m▔[38;2;79;102;95;48;2;134;125;112m▔[38;2;60;87;84;48;2;124;120;106m▔[38;2;80;96;93;48;2;117;121;111m▞[38;2;130;131;127;48;2;59;93;104m▖[38;2;20;66;88;48;2;52;94;108m▔[38;2;46;95;112;48;2;24;74;98m▅[38;2;95;114;119;48;2;52;87;102m▝[38;2;96;119;125;48;2;49;81;98m▊[38;2;55;93;110;48;2;109;127;127m▎[38;2;138;144;147;48;2;38;82;105m▀[38;2;138;145;153;48;2;51;93;114m▀[38;2;36;86;113;48;2;158;155;156m▅[38;2;15;69;104;48;2;142;144;139m▅[38;2;125;140;149;48;2;46;88;109m▝[38;2;159;159;161;48;2;93;119;134m▆[38;2;97;123;139;48;2;149;152;160m▀[38;2;166;164;174;48;2;66;108;126m▃[38;2;192;181;181;48;2;86;118;135m▂[38;2;57;101;121;48;2;153;154;157m▀[38;2;77;114;136;48;2;126;137;152m▘[38;2;136;144;157;48;2;105;132;148m▅[38;2;88;117;129;48;2;148;152;158m▝[38;2;163;160;161;48;2;91;118;127m▆[38;2;122;132;136;48;2;158;152;151m▝[38;2;98;121;127;48;2;35;77;97m▅[38;2;117;131;130;48;2;76;109;118m▞[38;2;49;99;116;48;2;175;148;137m▅[38;2;148;139;131;48;2;33;83;109m▘[38;2;18;73;100;48;2;72;109;124m▅[38;2;84;111;120;48;2;37;88;106m▀[38;2;28;81;102;48;2;94;113;114m▖[38;2;87;112;118;48;2;139;139;132m▃[38;2;15;68;98;48;2;57;98;111m▆[38;2;89;123;135;48;2;34;84;107m▂[38;2;52;95;113;48;2;150;143;133m▆[38;2;43;90;115;48;2;129;133;132m▅[38;2;131;140;137;48;2;54;97;114m▝[38;2;110;128;129;48;2;45;96;114m▀[38;2;84;116;128;48;2;103;128;134m▐[38;2;140;147;149;48;2;68;114;131m▔[38;2;101;131;142;48;2;48;102;122m▗[38;2;60;100;117;48;2;103;131;139m▝[38;2;165;161;151;48;2;67;111;129m▃[38;2;49;101;122;48;2;121;143;146m▗[38;2;92;126;138;48;2;57;105;125m▘[38;2;112;134;143;48;2;65;107;125m▐[38;2;148;157;162;48;2;84;116;129m▎[38;2;86;112;127;48;2;114;138;146m▂[38;2;60;101;125;48;2;106;132;144m▗[38;2;58;102;124;48;2;42;91;116m▕[38;2;106;130;143;48;2;49;95;119m▀[38;2;102;127;144;48;2;116;137;154m▘[38;2;57;94;126;48;2;97;122;143m▂[38;2;62;99;128;48;2;89;118;140m▗[38;2;30;76;111;48;2;49;91;125m▝[38;2;28;36;47;48;2;47;93;131m▗[38;2;29;39;49;48;2;8;8;9m▏[48;2;5;5;5m [38;2;6;6;6m▝▎[38;2;5;5;5;48;2;6;6;6m▊[38;2;6;6;6;48;2;5;5;5m▏▞▝▍[0m
[38;2;6;6;6;48;2;5;5;5m▏[48;2;6;6;6m [48;2;5;5;5m▃[38;2;5;5;5;48;2;6;6;6m▔[38;2;5;6;6m▕[38;2;6;6;8m▘[38;2;6;7;8;48;2;6;6;7m▕[38;2;6;8;10m▔[38;2;6;6;7;48;2;8;11;12m▆[38;2;6;6;8;48;2;6;7;10m▆[38;2;53;48;46;48;2;13;12;15m▕[38;2;49;44;44;48;2;137;114;108m▖[38;2;137;116;109;48;2;142;119;114m▞[38;2;136;119;114;48;2;126;110;104m▅[38;2;143;130;126;48;2;135;123;116m▗[38;2;147;134;129;48;2;139;127;121m▁[38;2;137;124;118;48;2;122;115;106m▁[38;2;136;124;116;48;2;122;113;102m▃[38;2;109;105;93;48;2;125;117;108m▀[38;2;146;126;113;48;2;110;106;93m▅[38;2;91;97;89;48;2;132;120;107m▝[38;2;40;79;93;48;2;85;101;100m▅[38;2;22;75;95;48;2;90;101;95m▅[38;2;68;89;95;48;2;131;123;108m▖[38;2;119;112;97;48;2;143;134;122m▝[38;2;149;138;129;48;2;83;98;98m▆[38;2;155;144;142;48;2;43;85;103m▃[38;2;115;127;133;48;2;41;90;113m▂[38;2;38;87;109;48;2;54;97;116m▃[38;2;48;85;100;48;2;80;110;123m▍[38;2;37;74;96;48;2;81;112;133m▘[38;2;62;70;54;48;2;84;113;128m▗[38;2;86;117;134;48;2;68;74;59m▀[38;2;104;114;115;48;2;41;91;116m▅[38;2;124;140;154;48;2;35;88;114m▃[38;2;95;125;144;48;2;30;85;111m▁[38;2;126;131;136;48;2;69;109;129m▔[38;2;88;119;137;48;2;146;147;152m▖[38;2;151;150;152;48;2;141;137;138m▅[38;2;176;165;165;48;2;159;150;149m▖[38;2;128;136;139;48;2;165;155;153m▁[38;2;103;117;125;48;2;144;143;144m▝[38;2;32;78;104;48;2;103;118;128m▗[38;2;42;85;108;48;2;128;138;141m▅[38;2;63;96;115;48;2;103;120;126m▗[38;2;53;90;110;48;2;121;130;133m▖[38;2;85;116;131;48;2;110;131;139m▗[38;2;111;136;143;48;2;40;92;118m▀[38;2;54;107;129;48;2;12;72;107m▘[38;2;26;83;116;48;2;14;74;108m▕[38;2;56;111;132;48;2;17;76;110m▝[38;2;16;80;111;48;2;67;115;133m▆[38;2;29;88;113;48;2;16;73;104m▝[38;2;16;74;108;48;2;51;101;119m▅[38;2;83;119;137;48;2;24;84;112m▁[38;2;162;162;160;48;2;72;111;125m▂[38;2;89;121;133;48;2;141;149;150m▝[38;2;149;159;160;48;2;100;128;138m▃[38;2;123;145;152;48;2;93;123;135m▊[38;2;104;133;147;48;2;56;102;120m▅[38;2;97;129;146;48;2;74;115;136m▞[38;2;60;109;134;48;2;113;137;147m▆[38;2;50;106;130;48;2;112;137;146m▆[38;2;34;97;126;48;2;110;131;140m▆[38;2;144;150;147;48;2;32;93;124m▔[38;2;32;94;122;48;2;121;150;168m▀[38;2;77;128;156;48;2;30;96;127m▖[38;2;41;98;129;48;2;102;134;152m▊[38;2;58;97;122;48;2;130;148;158m▘[38;2;98;124;143;48;2;77;113;138m▝[38;2;77;115;138;48;2;154;168;179m▀[38;2;59;110;139;48;2;110;141;159m▐[38;2;49;99;129;48;2;110;139;161m▘[38;2;112;137;158;48;2;48;96;130m▘[38;2;61;104;137;48;2;63;106;143m▀[38;2;58;95;138;48;2;70;109;141m▆[38;2;25;28;38;48;2;63;92;136m▗[38;2;26;36;50;48;2;8;9;10m▔[38;2;5;5;5;48;2;6;6;6m▔▘ [38;2;6;6;6;48;2;5;5;5m▆[38;2;5;5;5;48;2;6;6;6m▕[38;2;6;6;6;48;2;5;5;5m▊[48;2;6;6;6m  [38;2;5;5;5m▀[0m
[38;2;6;6;6;48;2;5;5;5m▅[38;2;7;7;7;48;2;6;6;6m▁▖▖  [38;2;6;6;6;48;2;6;6;7m▋[38;2;6;6;7;48;2;6;6;6m▊[38;2;6;6;6;48;2;7;7;7m▀[38;2;5;6;6;48;2;6;6;6m▔[38;2;6;6;8;48;2;6;6;7m▔[38;2;41;37;36;48;2;9;8;10m▔[38;2;18;16;17;48;2;121;104;100m▖[38;2;147;129;124;48;2;139;120;114m▐[38;2;141;125;120;48;2;133;117;112m▞[38;2;149;133;129;48;2;138;121;116m▗[38;2;146;131;130;48;2;129;116;111m▖[38;2;104;105;108;48;2;155;134;130m▃[38;2;124;122;122;48;2;125;120;113m▖[38;2;126;116;106;48;2;155;133;127m▔[38;2;50;82;96;48;2;104;111;107m▅[38;2;134;124;120;48;2;53;86;97m▂[38;2;115;120;122;48;2;28;76;99m▖[38;2;47;86;104;48;2;125;123;116m▋[38;2;86;101;108;48;2;142;134;124m▁[38;2;156;146;136;48;2;138;127;116m▅[38;2;163;144;140;48;2;148;135;128m▔[38;2;177;156;153;48;2;133;123;117m▃[38;2;97;122;133;48;2;144;140;136m▔[38;2;162;157;155;48;2;102;124;135m▅[38;2;72;105;124;48;2;109;130;149m▘[38;2;141;147;159;48;2;88;95;89m▃[38;2;93;86;68;48;2;99;93;76m▔[38;2;104;92;73;48;2;128;116;97m▀[38;2;135;128;126;48;2;110;95;80m▝[38;2;108;95;89;48;2;143;148;165m▃[38;2;84;118;140;48;2;144;154;172m▀[38;2;122;140;159;48;2;69;108;129m▃[38;2;132;148;159;48;2;90;122;142m▝[38;2;39;90;116;48;2;139;148;152m▂[38;2;74;111;131;48;2;130;140;144m▅[38;2;84;118;136;48;2;34;87;114m▍[38;2;67;114;137;48;2;22;84;113m▅[38;2;38;97;122;48;2;11;71;103m▅[38;2;92;123;136;48;2;42;88;114m▃[38;2;75;109;124;48;2;103;126;137m▎[38;2;40;90;116;48;2;81;119;139m▞[38;2;32;85;117;48;2;75;120;142m▀[38;2;56;107;132;48;2;17;74;109m▃[38;2;106;132;146;48;2;20;76;111m▂[38;2;71;113;142;48;2;16;77;112m▃[38;2;67;110;138;48;2;37;94;125m▖[38;2;100;128;148;48;2;38;92;122m▂[38;2;161;166;167;48;2;47;102;127m▅[38;2;46;89;114;48;2;132;146;153m▗[38;2;153;160;163;48;2;69;106;128m▔[38;2;82;118;139;48;2;63;101;125m▝[38;2;149;160;165;48;2;94;125;142m▃[38;2;73;112;137;48;2;114;140;153m▐[38;2;71;111;137;48;2;41;92;126m▝[38;2;85;122;155;48;2;51;100;130m▃[38;2;55;109;141;48;2;22;84;117m▖[38;2;59;106;136;48;2;23;91;125m▁[38;2;75;115;141;48;2;18;77;117m▁[38;2;134;147;156;48;2;24;84;121m▂[38;2;109;130;145;48;2;35;97;130m▃[38;2;32;90;127;48;2;138;148;155m▀[38;2;146;156;162;48;2;102;131;148m▆[38;2;92;127;148;48;2;30;90;125m▘[38;2;151;165;179;48;2;60;108;139m▝[38;2;63;111;144;48;2;128;152;170m▆[38;2;82;125;157;48;2;37;99;139m▀[38;2;41;94;133;48;2;80;122;152m▆[38;2;42;90;129;48;2;82;113;151m▘[38;2;82;108;154;48;2;54;90;133m▆[38;2;8;8;10;48;2;64;82;121m▗[38;2;24;26;34;48;2;6;6;6m▔[38;2;5;5;5m▘ [38;2;7;7;7m▗▕  ▏▗▗▏[0m
[7m[38;2;6;6;6m [0m[38;2;7;7;7;48;2;6;6;6m▏[38;2;5;5;5m▏  [38;2;7;7;7m▖[38;2;6;6;6;48;2;7;7;7m▊[38;2;5;5;5;48;2;6;6;6m▂   [38;2;5;5;6m▔[38;2;7;7;9;48;2;5;6;6m▕[38;2;137;116;112;48;2;35;32;32m▝[38;2;104;90;86;48;2;139;120;115m▁[38;2;161;143;138;48;2;138;117;111m▔[38;2;139;126;123;48;2;149;131;127m▝[38;2;127;122;124;48;2;90;98;105m▆[38;2;142;133;142;48;2;77;92;106m▅[38;2;66;88;101;48;2;122;116;119m▋[38;2;89;102;112;48;2;133;120;121m▅[38;2;66;90;106;48;2;144;128;127m▖[38;2;174;141;136;48;2;156;133;131m▊[38;2;166;143;144;48;2;118;123;131m▂[38;2;59;91;110;48;2;96;114;127m▀[38;2;126;128;124;48;2;59;93;110m▔[38;2;135;135;132;48;2;71;97;109m▗[38;2;174;153;148;48;2;122;121;119m▂[38;2;88;107;118;48;2;142;134;130m▂[38;2;73;101;115;48;2;160;148;136m▂[38;2;99;120;135;48;2;127;133;135m▐[38;2;92;109;117;48;2;127;137;151m▖[38;2;121;121;126;48;2;143;146;156m▝[38;2;91;90;82;48;2;134;144;157m▀[38;2;131;141;152;48;2;94;88;76m▃[38;2;132;146;164;48;2;94;85;74m▂[38;2;99;90;79;48;2;116;126;137m▘[38;2;113;138;158;48;2;153;163;182m▂[38;2;83;122;147;48;2;72;112;135m▆[38;2;73;119;145;48;2;49;100;125m▃[38;2;58;106;131;48;2;99;131;147m▊[38;2;123;142;152;48;2;105;130;144m▎[38;2;73;113;132;48;2;134;149;154m▔[38;2;48;99;125;48;2;114;137;144m▁[38;2;34;87;115;48;2;134;148;149m▁[38;2;38;92;122;48;2;114;136;146m▂[38;2;31;88;123;48;2;10;67;109m▏[38;2;48;99;131;48;2;17;80;118m▁[38;2;55;106;135;48;2;23;86;117m▂[38;2;44;98;127;48;2;98;130;149m▆[38;2;188;184;191;48;2;49;99;128m▁[38;2;178;178;183;48;2;68;111;138m▂[38;2;183;182;187;48;2;106;130;147m▂[38;2;135;145;155;48;2;169;170;169m▃[38;2;57;96;117;48;2;134;144;155m▀[38;2;174;172;179;48;2;78;109;128m▃[38;2;148;156;166;48;2;93;121;141m▞[38;2;164;170;175;48;2;57;106;134m▘[38;2;126;144;157;48;2;47;100;133m▁[38;2;58;104;137;48;2;31;89;126m▞[38;2;54;106;139;48;2;92;126;159m▅[38;2;69;112;142;48;2;37;88;119m▊[38;2;159;166;175;48;2;88;121;147m▂[38;2;154;161;172;48;2;86;117;142m▅[38;2;139;155;172;48;2;101;127;149m▖[38;2;158;164;172;48;2;85;114;143m▔[38;2;92;120;145;48;2;159;157;165m▅[38;2;104;133;161;48;2;62;105;134m▂[38;2;116;140;163;48;2;74;115;145m▞[38;2;103;134;157;48;2;85;126;158m▘[38;2;70;115;151;48;2;46;94;134m▆[38;2;93;113;151;48;2;40;92;136m▂[38;2;68;106;147;48;2;110;130;162m▍[38;2;55;75;116;48;2;112;120;158m▃[38;2;85;94;134;48;2;16;18;25m▘[38;2;7;7;7;48;2;6;6;6m▖ ▝▕[38;2;6;6;6;48;2;5;5;5m▊[38;2;5;5;5;48;2;6;6;6m▏  [38;2;7;7;7m▏▎▗[38;2;6;6;6;48;2;7;7;7m▀[0m
[38;2;5;5;5;48;2;6;6;6m▝▔▗[38;2;6;6;6;48;2;7;7;7m▆[48;2;6;6;6m [38;2;7;7;7m▘ [38;2;5;5;5m▁ [38;2;6;6;6;48;2;7;7;7m▅[38;2;5;5;5;48;2;6;6;6m▕   [38;2;70;62;60;48;2;6;6;7m▝[38;2;20;18;18;48;2;129;107;101m▖[38;2;156;129;125;48;2;147;120;112m▁[38;2;104;106;112;48;2;151;125;118m▝[38;2;89;102;113;48;2;152;131;130m▘[38;2;118;120;128;48;2;165;138;137m▝[38;2;163;145;147;48;2;98;111;121m▃[38;2;113;118;127;48;2;61;87;103m▁[38;2;86;97;110;48;2;169;137;136m▆[38;2;150;126;127;48;2;178;142;143m▂[38;2;151;143;147;48;2;180;153;154m▔[38;2;178;152;152;48;2;87;107;123m▃[38;2;145;136;141;48;2;70;96;110m▂[38;2;101;113;122;48;2;170;151;152m▅[38;2;69;92;106;48;2;146;141;144m▃[38;2;104;120;129;48;2;49;87;108m▁[38;2;102;119;131;48;2;59;93;114m▖[38;2;113;118;125;48;2;46;85;107m▝[38;2;70;98;115;48;2;158;141;141m▃[38;2;147;144;149;48;2;116;121;128m▆[38;2;153;154;161;48;2;62;102;126m▊[38;2;47;94;122;48;2;99;126;145m▍[38;2;130;144;153;48;2;92;120;143m▃[38;2;90;122;148;48;2;70;104;134m▀[38;2;86;118;148;48;2;65;107;139m▋[38;2;51;105;138;48;2;19;83;117m▏[38;2;53;99;124;48;2;17;79;115m▕[38;2;113;134;148;48;2;29;90;122m▂[38;2;133;146;159;48;2;25;85;123m▂[38;2;79;121;152;48;2;14;76;116m▁[38;2;18;93;126;48;2;10;77;116m▁[38;2;18;84;117;48;2;53;104;132m▋[38;2;91;123;146;48;2;20;80;117m▆[38;2;144;157;165;48;2;79;115;140m▝[38;2;162;171;179;48;2;95;124;145m▗[38;2;185;186;189;48;2;149;159;169m▀[38;2;147;154;166;48;2;169;173;177m▝[38;2;128;140;161;48;2;171;171;183m▅[38;2;99;125;152;48;2;194;190;197m▆[38;2;168;171;177;48;2;62;106;137m▀[38;2;74;114;143;48;2;159;162;167m▆[38;2;35;87;128;48;2;110;133;156m▅[38;2;109;131;154;48;2;80;115;147m▕[38;2;87;117;142;48;2;159;163;171m▂[38;2;128;143;163;48;2;156;160;169m▃[38;2;109;134;159;48;2;60;110;142m▃[38;2;69;111;146;48;2;31;94;131m▃[38;2;108;131;159;48;2;76;114;147m▝[38;2;170;172;181;48;2;90;123;154m▀[38;2;64;104;134;48;2;144;156;173m▃[38;2;90;125;153;48;2;76;111;139m▗[38;2;99;133;162;48;2;82;113;139m▅[38;2;74;116;150;48;2;114;141;166m▃[38;2;60;101;140;48;2;97;131;161m▂[38;2;60;103;143;48;2;74;115;149m▗[38;2;91;118;160;48;2;53;91;135m▗[38;2;120;133;169;48;2;78;108;150m▃[38;2;100;120;165;48;2;59;89;146m▀[38;2;63;91;143;48;2;19;29;47m▀[38;2;30;42;67;48;2;7;8;11m▔[38;2;5;5;5;48;2;6;6;6m▁ [38;2;6;6;6;48;2;7;7;7m▅[38;2;5;5;5;48;2;6;6;6m▁▗[38;2;7;7;7m▎▘ [38;2;5;5;5m▁  [38;2;6;6;6;48;2;7;7;7m▆[38;2;7;7;7;48;2;6;6;6m▘[0m
[38;2;7;7;7;48;2;6;6;6m▁▏▘  ▂▔ ▝    [38;2;6;6;6;48;2;7;7;7m▊[48;2;6;6;6m [38;2;5;5;5m▖[38;2;111;93;92;48;2;16;14;14m▝[38;2;56;52;53;48;2;146;126;125m▃[38;2;138;121;121;48;2;173;153;152m▆[38;2;163;139;136;48;2;139;121;119m▀[38;2;114;99;97;48;2;149;128;127m▝[38;2;110;91;90;48;2;142;125;123m▗[38;2;164;141;141;48;2;85;100;113m▅[38;2;137;135;138;48;2;79;93;111m▃[38;2;174;142;141;48;2;89;102;118m▀[38;2;129;124;129;48;2;162;139;139m▖[38;2;96;103;107;48;2;165;146;148m▁[38;2;83;102;121;48;2;148;144;147m▗[38;2;131;134;140;48;2;89;105;118m▀[38;2;69;95;112;48;2;109;121;129m▅[38;2;67;93;111;48;2;107;120;131m▞[38;2;97;113;128;48;2;78;102;120m▖[38;2;95;115;128;48;2;119;130;141m▝[38;2;98;87;81;48;2;145;144;150m▂[38;2;107;88;84;48;2;146;147;157m▁[38;2;150;149;155;48;2;117;133;149m▃[38;2;170;166;165;48;2;85;112;136m▀[38;2;121;137;150;48;2;33;83;120m▘[38;2;139;144;152;48;2;27;83;120m▂[38;2;116;133;151;48;2;18;75;117m▂[38;2;102;132;157;48;2;20;79;119m▂[38;2;111;129;151;48;2;54;98;131m▐[38;2;74;107;138;48;2;147;154;165m▅[38;2;78;114;144;48;2;153;155;169m▀[38;2;49;101;132;48;2;147;154;166m▀[38;2;149;154;166;48;2;61;103;132m▅[38;2;159;160;171;48;2;86;112;137m▅[38;2;63;99;127;48;2;169;169;178m▔[38;2;188;184;188;48;2;146;153;166m▃[38;2;158;162;174;48;2;134;143;160m▝[38;2;110;126;148;48;2;143;149;167m▞[38;2;96;118;149;48;2;141;147;170m▀[38;2;82;115;150;48;2;63;104;139m▖[38;2;79;118;153;48;2;34;89;127m▀[38;2;93;122;153;48;2;36;90;133m▀[38;2;63;105;143;48;2;138;146;167m▅[38;2;77;113;145;48;2;111;133;160m▊[38;2;69;104;136;48;2;138;149;168m▔[38;2;135;149;168;48;2;90;122;155m▘[38;2;45;96;130;48;2;99;130;162m▂[38;2;98;132;166;48;2;73;112;140m▀[38;2;73;114;148;48;2;82;119;148m▘[38;2;70;111;144;48;2;92;129;160m▁[38;2;13;65;122;48;2;77;119;153m▂[38;2;18;75;129;48;2;79;123;158m▃[38;2;48;101;145;48;2;82;126;159m▆[38;2;112;131;169;48;2;49;95;138m▁[38;2;89;109;151;48;2;57;97;142m▂[38;2;97;114;159;48;2;56;89;140m▅[38;2;92;81;135;48;2;96;106;151m▂[38;2;23;24;40;48;2;79;83;134m▃[38;2;7;8;11;48;2;34;56;94m▆[38;2;7;7;7;48;2;6;6;6m▂▘  ▏[38;2;6;6;6;48;2;7;7;7m▋[48;2;6;6;6m  [38;2;7;7;7m▕ [38;2;6;6;6;48;2;7;7;7m▊[38;2;7;7;7;48;2;6;6;6m▏▝▝▏[0m
[?25h