[?25l[0m[7m[38;2;0;0;0m [0m[38;2;0;0;0;48;2;0;0;0m    [38;2;0;0;2m▕[38;2;2;2;11;48;2;0;0;3m▁[38;2;0;1;6;48;2;1;2;19m▘[38;2;2;5;32;48;2;1;2;14m▂[38;2;3;7;37;48;2;1;2;10m▅[38;2;23;23;51;48;2;7;9;35m▗[38;2;36;31;46;48;2;16;16;39m▗[38;2;7;8;23;48;2;35;28;48m▀[38;2;8;9;34;48;2;35;26;48m▀[38;2;13;11;34;48;2;39;24;41m▀[38;2;75;43;36;48;2;39;18;28m▗[38;2;85;49;38;48;2;17;13;34m▆[38;2;100;60;43;48;2;32;18;33m▆[38;2;54;25;26;48;2;126;78;55m▀[38;2;33;20;29;48;2;127;78;54m▀[38;2;37;25;28;48;2;107;64;46m▀[38;2;47;32;27;48;2;117;70;50m▀[38;2;55;38;30;48;2;131;75;50m▀[38;2;154;79;40;48;2;80;49;32m▃[38;2;154;79;37;48;2;78;44;24m▃[38;2;131;74;37;48;2;105;50;24m▃[38;2;172;90;42;48;2;119;63;32m▂[38;2;183;94;44;48;2;102;59;34m▂[38;2;174;104;54;48;2;122;71;41m▅[38;2;183;113;58;48;2;89;52;31m▅[38;2;166;94;45;48;2;83;53;36m▃[38;2;125;68;37;48;2;147;83;43m▅[38;2;181;99;52;48;2;122;72;41m▃[38;2;113;63;40;48;2;182;105;65m▀[38;2;114;64;42;48;2;189;108;65m▀[38;2;101;58;36;48;2;189;109;61m▀[38;2;99;55;33;48;2;193;110;60m▀[38;2;116;60;35;48;2;191;109;59m▀[38;2;175;102;52;48;2;93;59;34m▖[38;2;87;47;22;48;2;141;85;47m▐[38;2;176;116;65;48;2;43;22;9m▂[38;2;96;51;19;48;2;9;5;3m▁[38;2;6;4;3;48;2;1;1;1m▂[38;2;1;1;1;48;2;0;0;0m▂         [0m
[7m[38;2;0;0;0m [0m[38;2;0;0;0;48;2;0;0;0m   [38;2;1;1;11;48;2;0;0;2m▁[38;2;1;3;20;48;2;1;1;6m▝[38;2;1;4;34;48;2;1;2;16m▗[38;2;9;16;47;48;2;2;5;27m▂[38;2;17;24;48;48;2;5;12;39m▁[38;2;14;16;41;48;2;7;9;26m▝[38;2;17;18;39;48;2;28;25;52m▋[38;2;27;26;49;48;2;14;14;36m▎[38;2;23;19;40;48;2;38;29;48m▎[38;2;23;19;35;48;2;37;28;50m▅[38;2;45;36;52;48;2;69;48;50m▊[38;2;96;59;46;48;2;54;39;48m▂[38;2;36;26;42;48;2;82;50;41m▘[38;2;94;58;44;48;2;80;49;38m▃[38;2;121;72;49;48;2;54;31;23m▍[38;2;94;52;35;48;2;74;43;30m▔[38;2;55;30;20;48;2;106;58;34m▅[38;2;74;41;28;48;2;138;72;40m▅[38;2;93;50;28;48;2;127;62;33m▞[38;2;144;66;32;48;2;93;47;22m▅[38;2;102;54;26;48;2;117;57;26m▃[38;2;98;54;27;48;2;140;84;48m▃[38;2;182;90;37;48;2;113;65;36m▝[38;2;113;72;39;48;2;181;90;43m▃[38;2;112;65;31;48;2;195;105;50m▃[38;2;156;86;43;48;2;125;69;31m▝[38;2;170;128;80;48;2;136;70;32m▃[38;2;103;70;46;48;2;189;93;42m▅[38;2;115;80;50;48;2;198;105;46m▃[38;2;94;57;42;48;2;196;100;45m▃[38;2;110;88;65;48;2;171;92;44m▂[38;2;152;112;71;48;2;115;68;40m▖[38;2;74;42;29;48;2;165;82;41m▃[38;2;105;69;43;48;2;144;71;35m▁[38;2;162;82;39;48;2;116;58;28m▝[38;2;118;58;25;48;2;157;87;38m▅[38;2;129;72;36;48;2;178;94;41m▅[38;2;163;129;84;48;2;138;70;32m▁[38;2;125;73;40;48;2;39;23;14m▖[38;2;32;22;14;48;2;7;6;5m▁[38;2;6;6;5;48;2;1;1;1m▃[38;2;1;1;1;48;2;0;0;0m▁▖      [0m
[38;2;1;1;1;48;2;0;0;0m▂ [38;2;0;0;1m▕[38;2;2;2;15;48;2;1;1;3m▗[38;2;4;7;27;48;2;1;2;11m▁[38;2;1;2;12;48;2;3;7;34m▀[38;2;2;4;30;48;2;8;11;33m▊[38;2;31;30;57;48;2;10;16;34m▂[38;2;33;36;62;48;2;17;21;40m▂[38;2;32;35;63;48;2;30;33;60m▆[38;2;39;38;60;48;2;34;34;61m▂[38;2;37;36;60;48;2;36;34;56m▎[38;2;40;27;38;48;2;40;33;52m▗[38;2;37;25;33;48;2;66;47;54m▅[38;2;44;28;30;48;2;82;54;52m▅[38;2;59;38;35;48;2;98;61;48m▆[38;2;80;49;39;48;2;91;58;46m▏[38;2;97;62;50;48;2;105;66;52m▘[38;2;105;69;57;48;2;105;66;51m▂[38;2;116;73;51;48;2;103;67;53m▔[38;2;164;87;42;48;2;105;68;50m▔[38;2;154;77;41;48;2;106;67;47m▔[38;2;146;101;65;48;2;115;70;46m▕[38;2;165;117;72;48;2;118;76;50m▀[38;2;157;118;75;48;2;118;77;48m▀[38;2;154;118;75;48;2;120;78;50m▀[38;2;183;141;88;48;2;127;84;53m▀[38;2;184;141;90;48;2;130;86;57m▀[38;2;136;92;60;48;2;192;137;85m▅[38;2;171;127;81;48;2;131;89;61m▀[38;2;176;140;92;48;2;135;99;68m▘[38;2;53;31;26;48;2;129;91;65m▀[38;2;103;77;53;48;2;131;92;65m▀[38;2;133;96;67;48;2;167;147;117m▅[38;2;147;128;96;48;2;104;94;73m▎[38;2;133;125;100;48;2;118;99;73m▘[38;2;68;83;75;48;2;128;98;70m▀[38;2;75;89;77;48;2;128;100;70m▀[38;2;94;80;56;48;2;139;107;74m▀[38;2;158;117;77;48;2;107;76;48m▃[38;2;129;92;55;48;2;182;142;90m▎[38;2;145;105;71;48;2;198;157;98m▅[38;2;130;90;60;48;2;105;80;50m▂[38;2;142;96;67;48;2;68;45;25m▁[38;2;67;47;34;48;2;17;15;11m▁[38;2;11;11;9;48;2;4;4;4m▅[38;2;6;6;6;48;2;1;1;1m▖[38;2;1;1;1;48;2;0;0;0m▅[38;2;0;0;0;48;2;1;1;1m▔[38;2;1;1;1;48;2;0;0;0m▅▅[38;2;0;0;0;48;2;1;1;1m▔[38;2;1;1;1;48;2;0;0;0m▅[0m
[38;2;1;1;1;48;2;0;0;0m▍[38;2;2;2;4;48;2;0;1;1m▁[38;2;6;17;51;48;2;1;3;10m▂[38;2;9;24;64;48;2;1;4;25m▂[38;2;15;38;70;48;2;2;6;33m▂[38;2;22;45;71;48;2;5;10;34m▂[38;2;37;53;79;48;2;28;19;35m▂[38;2;35;57;89;48;2;35;28;49m▂[38;2;41;53;77;48;2;35;27;52m▃[38;2;47;65;85;48;2;47;33;48m▂[38;2;54;67;78;48;2;52;31;37m▃[38;2;54;70;80;48;2;52;30;34m▃[38;2;49;72;87;48;2;62;35;34m▃[38;2;60;80;95;48;2;74;47;44m▃[38;2;52;81;100;48;2;99;67;58m▂[38;2;70;83;99;48;2;103;65;53m▃[38;2;94;106;123;48;2;102;67;58m▃[38;2;86;93;106;48;2;106;71;63m▃[38;2;79;107;129;48;2;103;68;59m▃[38;2;86;112;135;48;2;113;65;49m▃[38;2;91;113;134;48;2;140;71;44m▃[38;2;115;117;126;48;2;148;74;44m▃[38;2;153;124;114;48;2;159;77;40m▃[38;2;155;128;117;48;2;162;80;46m▃[38;2;157;130;118;48;2;156;84;47m▃[38;2;156;128;115;48;2;145;87;50m▃[38;2;148;93;53;48;2;168;129;102m▀[38;2;162;134;120;48;2;198;128;63m▃[38;2;163;134;117;48;2;199;127;63m▃[38;2;167;141;123;48;2;199;131;63m▃[38;2;179;148;123;48;2;200;131;61m▃[38;2;177;154;132;48;2;201;134;64m▃[38;2;194;184;165m▃[38;2;193;181;160;48;2;198;133;63m▃[38;2;196;182;158;48;2;200;134;61m▃[38;2;194;182;160;48;2;203;135;60m▃[38;2;200;182;156;48;2;196;130;57m▃[38;2;206;189;163;48;2;203;133;59m▃[38;2;206;193;167;48;2;200;136;64m▂[38;2;208;190;158;48;2;203;138;63m▂[38;2;188;170;148;48;2;198;118;52m▃[38;2;156;131;125;48;2;180;93;45m▃[38;2;152;142;143;48;2;170;92;53m▂[38;2;150;139;142;48;2;170;90;53m▂[38;2;182;115;81;48;2;88;50;32m▆[38;2;139;102;80;48;2;28;23;18m▖[38;2;9;9;8;48;2;17;17;14m▔[38;2;13;13;11;48;2;1;1;1m▖  [38;2;2;2;2m▁  [0m
[38;2;2;1;2;48;2;1;1;1m▁[38;2;5;6;29;48;2;2;3;9m▗[38;2;30;14;19;48;2;5;12;44m▂[38;2;4;4;28;48;2;7;16;56m▁[38;2;9;19;61;48;2;10;23;52m▖[38;2;26;45;72;48;2;20;21;42m▀[38;2;52;54;81;48;2;45;57;84m▗[38;2;44;63;91;48;2;67;65;84m▀[38;2;50;45;63;48;2;54;64;84m▂[38;2;42;31;40;48;2;56;71;86m▃[38;2;51;70;83;48;2;51;39;46m▀[38;2;51;79;95;48;2;63;51;55m▀[38;2;56;90;103;48;2;77;54;47m▀[38;2;63;89;101;48;2;112;69;52m▀[38;2;119;75;56;48;2;59;87;104m▅[38;2;59;39;39;48;2;116;96;93m▃[38;2;74;47;42;48;2;96;92;98m▃[38;2;118;74;56;48;2;76;114;141m▅[38;2;136;81;56;48;2;82;120;146m▅[38;2;131;80;56;48;2;83;121;147m▅[38;2;113;120;131;48;2;129;76;49m▀[38;2;134;121;118;48;2;73;53;42m▀[38;2;107;85;70;48;2;136;121;116m▖[38;2;182;150;103;48;2;133;121;117m▃[38;2;132;131;132;48;2;181;149;100m▀[38;2;132;84;52;48;2;151;139;126m▃[38;2;121;80;51;48;2;155;137;117m▂[38;2;147;104;65;48;2;177;162;138m▁[38;2;198;167;119;48;2;143;144;151m▅[38;2;194;177;147;48;2;160;158;157m▆[38;2;166;158;146;48;2;196;185;161m▀[38;2;155;156;158;48;2;194;183;162m▔[38;2;197;127;70;48;2;190;185;170m▃[38;2;187;122;69;48;2;188;186;175m▅[38;2;198;139;78;48;2;186;185;175m▅[38;2;170;168;157;48;2;205;147;75m▀[38;2;178;174;161;48;2;201;141;73m▀[38;2;195;190;171;48;2;202;158;90m▀[38;2;176;136;81;48;2;194;177;143m▂[38;2;172;131;82;48;2;177;168;153m▖[38;2;171;174;169;48;2;196;191;165m▀[38;2;196;144;90;48;2;173;168;159m▂[38;2;163;154;151;48;2;172;102;59m▀[38;2;176;154;140;48;2;167;90;50m▀[38;2;164;93;52;48;2;181;158;138m▂[38;2;162;93;52;48;2;156;126;100m▂[38;2;111;84;60;48;2;31;28;24m▖[38;2;14;13;11;48;2;23;23;20m▔[38;2;13;13;12;48;2;1;1;1m▖[38;2;2;2;2m▂▂▁▁[0m
[38;2;3;4;15;48;2;2;2;4m▗[38;2;3;3;8;48;2;3;5;21m▐[38;2;5;4;10;48;2;39;15;16m▆[38;2;17;10;23;48;2;4;4;20m▝[38;2;26;24;38;48;2;11;6;22m▗[38;2;43;39;52;48;2;27;27;47m▆[38;2;50;52;72;48;2;44;37;51m▔[38;2;72;62;79;48;2;48;37;47m▝[38;2;68;54;66;48;2;47;28;38m▘[38;2;46;30;37;48;2;56;39;45m▍[38;2;64;47;48;48;2;47;41;54m▂[38;2;41;34;45;48;2;62;41;39m▀[38;2;65;40;38;48;2;90;55;40m▆[38;2;96;63;49;48;2;75;53;53m▘[38;2;78;60;59;48;2;52;39;45m▂[38;2;49;34;43;48;2;102;76;64m▀[38;2;54;38;48;48;2;125;86;66m▀[38;2;60;49;51;48;2;50;38;47m▁[38;2;69;47;50;48;2;117;74;56m▆[38;2;71;51;51;48;2;143;89;63m▐[38;2;63;48;50;48;2;110;69;47m▆[38;2;132;103;79;48;2;52;39;40m▁[38;2;113;93;71;48;2;55;42;38m▁[38;2;68;42;34;48;2;161;125;86m▆[38;2;67;43;32;48;2;161;135;93m▆[38;2;130;90;57;48;2;91;59;43m▘[38;2;124;94;70;48;2;93;57;41m▖[38;2;115;82;65;48;2;94;61;48m▕[38;2;91;57;44;48;2;140;91;60m▆[38;2;95;61;48;48;2;192;127;68m▆[38;2;100;61;43;48;2;190;117;63m▆[38;2;184;113;63;48;2;115;70;50m▀[38;2;198;128;67;48;2;94;55;43m▀[38;2;107;64;46;48;2;170;106;58m▃[38;2;86;50;39;48;2;157;94;58m▂[38;2;97;56;43;48;2;183;96;50m▆[38;2;106;63;47;48;2;141;80;51m▖[38;2;121;69;51;48;2;179;97;51m▆[38;2;167;106;62;48;2;112;53;43m▀[38;2;116;61;46;48;2;157;107;66m▃[38;2;108;57;46;48;2;155;107;66m▂[38;2;151;110;74;48;2;137;87;51m▃[38;2;153;112;70;48;2;132;80;47m▅[38;2;90;53;41;48;2;162;124;77m▀[38;2;85;47;41;48;2;150;87;54m▆[38;2;83;44;40;48;2;141;81;51m▖[38;2;54;43;35;48;2;133;84;56m▝[38;2;54;47;41;48;2;34;34;30m▁[38;2;7;7;7;48;2;27;28;27m▝[48;2;2;2;2m   [38;2;1;1;1m▔[0m
[38;2;2;2;7;48;2;3;3;12m▋[38;2;7;7;19;48;2;3;3;11m▕[38;2;9;9;25;48;2;3;4;12m▅[38;2;10;5;18;48;2;28;11;13m▊[38;2;24;12;15;48;2;47;39;51m▘[38;2;86;61;55;48;2;47;44;59m▁[38;2;52;42;49;48;2;70;45;42m▊[38;2;82;47;37;48;2;48;30;30m▅[38;2;67;48;53;48;2;48;29;33m▗[38;2;76;69;76;48;2;61;51;55m▖[38;2;59;54;62;48;2;62;49;49m▂[38;2;57;54;61;48;2;63;46;46m▂[38;2;62;65;77;48;2;69;48;46m▃[38;2;60;63;76;48;2;65;51;56m▂[38;2;78;65;76;48;2;66;49;55m▃[38;2;63;47;47;48;2;84;59;59m▀[38;2;106;76;65;48;2;62;45;41m▔[38;2;64;44;37;48;2;124;94;82m▅[38;2;61;40;34;48;2;106;81;77m▃[38;2;88;66;63;48;2;81;63;67m▕[38;2;97;70;62;48;2;113;82;70m▔[38;2;119;87;69;48;2;78;59;61m▔[38;2;81;65;57;48;2;171;132;87m▆[38;2;158;115;78;48;2;77;57;49m▆[38;2;139;102;72;48;2;70;52;47m▅[38;2;99;79;62;48;2;51;44;43m▖[38;2;62;41;39;48;2;54;47;46m▔[38;2;80;66;56;48;2;63;48;44m▗[38;2;108;76;56;48;2;66;42;38m▅[38;2;99;68;53;48;2;156;115;79m▆[38;2;117;83;66;48;2;80;49;42m▃[38;2;154;95;73;48;2;117;78;62m▃[38;2;174;107;77;48;2;123;77;62m▃[38;2;185;111;77;48;2;146;84;57m▗[38;2;166;99;74;48;2;126;78;68m▂[38;2;147;96;79;48;2;107;74;64m▀[38;2;156;110;68;48;2;135;86;66m▃[38;2;151;123;76;48;2;129;87;64m▗[38;2;133;96;67;48;2;106;74;55m▞[38;2;127;92;71;48;2;135;93;68m▕[38;2;148;137;107;48;2;113;64;51m▃[38;2;176;146;103;48;2;118;68;52m▂[38;2;179;128;82;48;2;120;73;53m▃[38;2;122;74;54;48;2;170;117;69m▀[38;2;191;125;69;48;2;130;82;60m▁[38;2;174;112;70;48;2;140;85;60m▃[38;2;122;79;59;48;2;161;108;72m▘[38;2;149;105;72;48;2;59;52;46m▎[38;2;41;40;38;48;2;46;46;44m▀[38;2;35;34;33;48;2;5;5;5m▎[48;2;2;2;2m   [0m
[38;2;3;4;13;48;2;4;4;19m▎[38;2;3;6;22;48;2;3;4;18m▐[38;2;5;7;22;48;2;11;7;20m▆[38;2;25;25;38;48;2;10;9;26m▗[38;2;57;47;58;48;2;72;64;75m▔[38;2;71;59;64;48;2;84;60;53m▆[38;2;86;72;74;48;2;63;48;52m▃[38;2;84;83;87;48;2;52;41;45m▅[38;2;83;89;98;48;2;55;47;53m▅[38;2;72;68;77;48;2;88;87;94m▔[38;2;104;94;91;48;2;85;79;85m▖[38;2;95;89;84;48;2;74;76;80m▗[38;2;101;89;83;48;2;74;73;80m▅[38;2;106;90;81;48;2;72;76;84m▆[38;2;74;74;72;48;2;108;83;76m▂[38;2;114;84;55;48;2;84;66;49m▁[38;2;162;111;67;48;2;81;67;52m▃[38;2;161;108;68;48;2;84;68;52m▅[38;2;153;99;55;48;2;82;58;38m▆[38;2;104;70;59;48;2;163;112;76m▔[38;2;94;69;62;48;2;142;108;77m▔[38;2;122;80;63;48;2;153;113;79m▔[38;2;109;93;70;48;2;158;105;73m▅[38;2;164;147;114;48;2;125;97;70m▁[38;2;155;127;92;48;2;86;77;65m▅[38;2;166;139;99;48;2;63;62;56m▆[38;2;173;150;117;48;2;72;66;59m▆[38;2;172;139;104;48;2;121;85;64m▅[38;2;169;144;106;48;2;146;95;60m▃[38;2;139;139;115;48;2;136;97;74m▃[38;2;148;149;123;48;2;108;81;63m▅[38;2;149;144;118;48;2;143;94;70m▆[38;2;141;149;126;48;2;145;113;84m▆[38;2;170;109;74;48;2;183;167;133m▔[38;2;158;105;69;48;2;170;150;119m▔[38;2;162;137;102;48;2;174;149;110m▕[38;2;131;115;90;48;2;170;142;108m▞[38;2;172;161;129;48;2;100;93;80m▆[38;2;67;67;53;48;2;156;146;121m▔[38;2;105;94;74;48;2;162;153;119m▔[38;2;122;102;79;48;2;156;150;116m▔[38;2;131;141;116;48;2;172;145;99m▃[38;2;178;172;143;48;2;196;145;90m▅[38;2;177;126;72;48;2;180;168;135m▔[38;2;143;143;113;48;2;168;143;102m▂[38;2;195;166;121;48;2;167;127;89m▅[38;2;187;155;111;48;2;144;123;103m▍[38;2;73;73;67;48;2;156;127;104m▐[38;2;65;65;62;48;2;54;54;52m▃[38;2;44;47;49;48;2;2;2;2m▋[48;2;3;3;3m [38;2;2;2;2m▔▝[0m
[38;2;4;4;15;48;2;4;5;16m▏[38;2;4;6;17;48;2;4;5;15m▐[38;2;6;9;23;48;2;4;7;18m▕[38;2;57;66;90;48;2;5;8;24m▕[38;2;58;69;93;48;2;86;78;92m▎[38;2;92;75;84;48;2;95;68;71m▎[38;2;96;62;58;48;2;112;90;88m▎[38;2;105;99;103;48;2;93;88;98m▏[38;2;96;88;92;48;2;88;84;90m▏[38;2;105;97;100;48;2;95;90;91m▋[38;2;96;86;84;48;2;112;95;84m▞[38;2;104;90;83;48;2;115;96;86m▅[38;2;103;85;71;48;2;110;92;81m▗[38;2;156;123;97;48;2;115;97;86m▔[38;2;145;109;86;48;2;111;89;72m▗[38;2;150;118;91;48;2;105;77;51m▃[38;2;128;107;84;48;2;100;75;46m▃[38;2;146;117;88;48;2;95;76;54m▃[38;2;156;126;91;48;2;120;102;78m▃[38;2;144;119;93;48;2;125;109;85m▆[38;2;152;114;85;48;2;156;129;93m▂[38;2;145;104;74;48;2;158;130;93m▂[38;2;132;113;85;48;2;180;143;111m▔[38;2;139;116;99;48;2;166;147;117m▂[38;2;115;111;94;48;2;152;143;118m▅[38;2;147;150;129;48;2;105;99;83m▀[38;2;157;159;138;48;2;95;97;84m▀[38;2;103;112;103;48;2;150;154;134m▃[38;2;117;133;124;48;2;145;147;129m▖[38;2;119;138;135;48;2;96;116;109m▃[38;2;137;145;130;48;2;106;122;114m▂[38;2;161;155;133;48;2;95;109;96m▆[38;2;147;146;121;48;2;187;176;148m▔[38;2;185;171;136;48;2;167;152;121m▋[38;2;152;131;98;48;2;176;161;128m▔[38;2;129;124;104;48;2;178;164;130m▁[38;2;124;128;113;48;2;170;160;130m▁[38;2;184;173;145;48;2;131;140;119m▋[38;2;174;161;132;48;2;137;148;126m▀[38;2;138;146;122;48;2;161;164;133m▊[38;2;170;167;133;48;2;144;153;128m▘[38;2;146;153;126;48;2;128;135;110m▏[38;2;142;144;121;48;2;176;161;128m▍[38;2;181;163;127;48;2;125;135;114m▍[38;2;174;162;135;48;2;131;139;114m▃[38;2;123;133;112;48;2;173;158;122m▖[38;2;136;133;113;48;2;169;157;123m▝[38;2;141;128;117;48;2;70;74;73m▊[38;2;75;76;73;48;2;58;64;64m▃[38;2;63;63;63;48;2;2;2;2m▊[38;2;4;4;4;48;2;3;3;3m▗ ▂[0m
[38;2;4;5;12;48;2;4;5;14m▁[38;2;5;8;19m▝[38;2;5;8;20;48;2;5;6;16m▀[38;2;43;50;70;48;2;5;9;21m▕[38;2;77;84;107;48;2;97;91;95m▏[38;2;93;59;47;48;2;103;78;74m▃[38;2;114;109;115;48;2;110;79;70m▐[38;2;102;106;108;48;2;99;101;104m▗[38;2;90;100;106;48;2;74;95;109m▎[38;2;96;115;122;48;2;90;93;102m▆[38;2;107;126;135;48;2;99;100;103m▅[38;2;83;90;96;48;2;95;108;117m▘[38;2;103;112;122;48;2;105;97;96m▅[38;2;110;108;108;48;2;121;115;111m▏[38;2;143;131;115;48;2;124;111;105m▂[38;2;104;102;96;48;2;115;113;106m▝[38;2;64;93;104;48;2;95;98;93m▂[38;2;70;91;98;48;2;126;114;99m▃[38;2;94;105;108;48;2;109;111;104m▗[38;2;107;112;113;48;2;145;125;105m▆[38;2;98;110;114;48;2;170;137;103m▆[38;2;51;84;102;48;2;114;126;120m▂[38;2;164;142;114;48;2;60;97;113m▀[38;2;78;92;107;48;2;153;151;135m▂[38;2;118;132;125;48;2;92;119;117m▐[38;2;143;139;117;48;2;98;112;104m▘[38;2;178;161;140;48;2;108;114;101m▁[38;2;162;150;131;48;2;127;123;109m▐[38;2;164;137;117;48;2;188;176;152m▁[38;2;172;157;132;48;2;177;175;169m▆[38;2;153;158;153;48;2;165;158;143m▔[38;2;150;144;133;48;2;179;171;154m▅[38;2;150;145;136;48;2;183;170;146m▆[38;2;158;155;141;48;2;183;169;146m▀[38;2;159;158;143;48;2;194;183;162m▘[38;2;167;165;153;48;2;140;151;148m▎[38;2;163;173;163;48;2;139;150;148m▝[38;2;150;163;154;48;2;122;138;131m▘[38;2;107;136;143;48;2;136;153;151m▞[38;2;123;148;147;48;2;101;131;131m▋[38;2;120;138;136;48;2;143;158;141m▅[38;2;95;115;114;48;2;132;146;136m▂[38;2;89;121;129;48;2;121;131;119m▆[38;2;146;150;140;48;2;117;137;130m▃[38;2;95;115;120;48;2;144;148;136m▗[38;2;156;153;134;48;2;120;130;121m▐[38;2;139;144;136;48;2;173;158;141m▘[38;2;133;126;117;48;2;71;79;80m▊[38;2;80;81;78;48;2;86;86;83m▕[38;2;76;77;76;48;2;9;9;9m▋[38;2;3;3;3;48;2;4;4;4m▏ ▔[0m
[38;2;4;4;5;48;2;5;5;10m▍[38;2;5;5;8;48;2;5;5;12m▘[38;2;6;7;13;48;2;5;5;7m▔[38;2;8;7;12;48;2;6;5;11m▘[38;2;22;22;29;48;2;96;76;72m▏[38;2;124;114;113;48;2;107;70;58m▗[38;2;114;87;78;48;2;117;102;99m▘[38;2;116;104;105;48;2;107;98;102m▃[38;2;122;108;110;48;2;98;95;104m▅[38;2;115;106;110;48;2;88;93;103m▆[38;2;126;113;115;48;2;103;101;108m▅[38;2;82;92;99;48;2;118;110;114m▐[38;2;105;103;106;48;2;85;91;107m▆[38;2;59;75;98;48;2;108;102;103m▃[38;2;97;100;104;48;2;93;86;77m▆[38;2;78;85;95;48;2;114;107;110m▃[38;2;103;103;103;48;2;48;75;95m▀[38;2;45;67;85;48;2;109;103;101m▂[38;2;129;124;127;48;2;103;98;98m▔[38;2;45;74;95;48;2;97;97;95m▂[38;2;76;94;113;48;2;48;79;97m▎[38;2;56;83;104;48;2;34;68;90m▗[38;2;70;99;116;48;2;28;65;85m▁[38;2;108;102;106;48;2;25;60;78m▐[38;2;106;103;107;48;2;81;88;100m▞[38;2;102;98;97;48;2;122;114;110m▅[38;2;156;135;122;48;2;120;109;107m▂[38;2;153;130;121;48;2;118;106;105m▁[38;2;119;107;99;48;2;161;153;145m▀[38;2;156;133;122;48;2;162;139;123m▕[38;2;150;136;131;48;2;134;116;106m▅[38;2;111;105;101;48;2;131;120;113m▞[38;2;130;117;110;48;2;151;147;148m▀[38;2;138;128;130;48;2;155;143;139m▁[38;2;116;107;97;48;2;146;137;135m▐[38;2;99;102;94;48;2;170;138;119m▀[38;2;81;96;87;48;2;119;112;100m▝[38;2;117;114;95;48;2;135;127;118m▘[38;2;122;121;111;48;2;65;86;87m▊[38;2;153;137;118;48;2;90;102;102m▆[38;2;123;124;117;48;2;101;104;94m▆[38;2;145;139;127;48;2;126;126;109m▆[38;2;113;119;107;48;2;71;98;104m▀[38;2;176;150;122;48;2;100;114;109m▔[38;2;84;103;103;48;2;116;113;101m▆[38;2;104;110;106;48;2;121;118;112m▍[38;2;124;120;110;48;2;146;133;122m▘[38;2;110;109;103;48;2;72;86;89m▍[38;2;66;80;82;48;2;87;93;92m▏[38;2;4;4;4;48;2;72;75;75m▐[48;2;4;4;4m   [0m
[38;2;6;6;10;48;2;5;5;5m▕[38;2;5;6;8;48;2;5;5;11m▆[38;2;7;7;11;48;2;5;5;8m▗[38;2;8;7;12;48;2;5;5;11m▗[38;2;104;73;66;48;2;14;13;18m▐[38;2;121;82;70;48;2;119;116;123m▍[38;2;120;122;133;48;2;110;98;95m▋[38;2;129;112;108;48;2;119;103;98m▝[38;2;128;115;112;48;2;116;105;103m▊[38;2;129;118;118;48;2;121;112;115m▁[38;2;105;107;112;48;2;121;114;113m▅[38;2;99;104;110;48;2;114;112;118m▝[38;2;98;107;115;48;2;114;114;115m▏[38;2;67;86;108;48;2;116;114;119m▝[38;2;112;113;115;48;2;76;94;107m▞[38;2;139;132;137;48;2;81;98;108m▕[38;2;123;128;138;48;2;47;74;97m▆[38;2;29;78;103;48;2;42;84;110m▂[38;2;43;86;114;48;2;64;103;130m▍[38;2;45;78;96;48;2;82;114;128m▗[38;2;74;102;120;48;2;50;84;104m▘[38;2;67;91;107;48;2;43;81;96m▝[38;2;33;76;96;48;2;72;105;128m▂[38;2;67;99;112;48;2;54;89;105m▂[38;2;79;102;115;48;2;149;138;137m▂[38;2;155;152;154;48;2;132;123;121m▃[38;2;139;130;133;48;2;125;119;123m▞[38;2;83;94;110;48;2;153;141;141m▁[38;2;115;113;118;48;2;161;151;147m▞[38;2;116;114;121;48;2;141;133;130m▘[38;2;133;132;131;48;2;150;142;139m▎[38;2;119;124;129;48;2;136;129;127m▁[38;2;107;109;115;48;2;133;128;129m▝[38;2;135;131;134;48;2;106;108;115m▆[38;2;150;140;125;48;2;136;129;122m▂[38;2;170;160;150;48;2;129;126;121m▗[38;2;165;146;133;48;2;110;115;113m▞[38;2;137;122;110;48;2;37;79;99m▀[38;2;60;96;111;48;2;48;79;94m▁[38;2;62;89;100;48;2;172;143;117m▅[38;2;134;125;114;48;2;84;105;111m▘[38;2;101;117;121;48;2;70;98;108m▍[38;2;85;107;112;48;2;58;95;105m▕[38;2;111;122;119;48;2;62;94;105m▍[38;2;82;107;113;48;2;141;137;134m▍[38;2;114;118;117;48;2;88;102;107m▊[38;2;92;106;113;48;2;120;119;114m▅[38;2;72;89;95;48;2;92;104;106m▗[38;2;63;68;68;48;2;88;98;99m▕[38;2;42;45;45;48;2;6;6;6m▏[48;2;5;5;5m [38;2;5;5;5;48;2;4;4;4m▂[48;2;5;5;5m [0m
[7m[38;2;5;5;5m [0m[38;2;5;5;6;48;2;5;6;8m▖[38;2;5;6;11;48;2;5;5;8m▝[38;2;6;7;12;48;2;5;6;9m▘[38;2;30;25;28;48;2;5;6;11m▕[38;2;53;40;41;48;2;126;101;97m▖[38;2;118;119;127;48;2;121;104;100m▘[38;2;123;105;96;48;2;135;118;111m▍[38;2;144;128;122;48;2;130;116;110m▗[38;2;89;101;108;48;2;126;120;120m▐[38;2;101;108;109;48;2;87;100;108m▞[38;2;85;100;103;48;2;115;115;115m▂[38;2;78;94;105;48;2;100;109;116m▂[38;2;70;96;101;48;2;107;113;116m▗[38;2;120;126;133;48;2;70;99;115m▘[38;2;107;123;133;48;2;71;98;112m▗[38;2;118;119;122;48;2;71;99;112m▀[38;2;70;100;114;48;2;111;119;125m▞[38;2;132;131;128;48;2;64;97;116m▃[38;2;153;151;158;48;2;88;106;118m▃[38;2;113;129;143;48;2;66;95;112m▃[38;2;86;107;120;48;2;67;99;114m▃[38;2;110;126;127;48;2;66;98;111m▗[38;2;71;102;110;48;2;53;92;105m▎[38;2;110;139;148;48;2;57;92;106m▁[38;2;71;102;116;48;2;49;90;108m▘[38;2;54;90;106;48;2;122;121;127m▆[38;2;64;99;113;48;2;137;133;135m▅[38;2;119;125;129;48;2;93;113;122m▝[38;2;115;120;124;48;2;167;150;150m▅[38;2;118;121;130;48;2;146;139;145m▞[38;2;36;77;102;48;2;105;115;127m▗[38;2;72;96;107;48;2;127;127;125m▍[38;2;84;109;114;48;2;137;129;124m▂[38;2;48;85;104;48;2;132;124;119m▆[38;2;60;94;111;48;2;119;129;127m▆[38;2;60;97;109;48;2;120;136;133m▏[38;2;128;138;136;48;2;66;100;112m▆[38;2;147;153;146;48;2;73;108;118m▖[38;2;95;128;134;48;2;42;90;108m▖[38;2;66;114;122;48;2;37;87;105m▁[38;2;104;130;137;48;2;37;87;109m▁[38;2;34;90;112;48;2;77;111;124m▊[38;2;58;98;114;48;2;109;132;139m▀[38;2;121;140;144;48;2;90;115;126m▃[38;2;119;133;136;48;2;94;115;126m▗[38;2;105;122;130;48;2;75;100;111m▍[38;2;67;98;116;48;2;90;108;116m▃[38;2;14;14;15;48;2;65;77;84m▐[48;2;5;5;5m  [38;2;6;6;6m▂ [0m
[38;2;5;5;5;48;2;6;6;6m▀[38;2;6;6;6;48;2;5;5;5m▕[38;2;5;5;6;48;2;5;6;7m▂[38;2;6;6;8;48;2;6;8;9m▊[38;2;7;8;10;48;2;7;8;11m▏[38;2;75;65;66;48;2;6;7;10m▝[38;2;81;73;73;48;2;137;113;108m▖[38;2;137;113;106;48;2;144;121;113m▂[38;2;144;132;124;48;2;135;121;112m▝[38;2;140;129;118;48;2;118;117;106m▎[38;2;127;117;103;48;2;110;107;95m▗[38;2;94;101;91;48;2;119;112;98m▝[38;2;79;96;93;48;2;115;111;97m▀[38;2;94;109;107;48;2;132;123;109m▀[38;2;133;125;109;48;2;95;107;101m▖[38;2;73;99;104;48;2;97;111;111m▐[38;2;92;112;111;48;2;43;87;104m▔[38;2;57;91;106;48;2;106;122;127m▂[38;2;67;97;110;48;2;102;121;124m▍[38;2;55;93;113;48;2;140;144;155m▃[38;2;26;79;109;48;2;148;149;152m▃[38;2;41;86;111;48;2;109;127;139m▃[38;2;157;157;161;48;2;104;127;139m▃[38;2;150;154;164;48;2;53;102;122m▃[38;2;172;162;159;48;2;74;114;133m▂[38;2;121;135;150;48;2;39;93;116m▅[38;2;137;146;152;48;2;52;98;116m▅[38;2;71;100;115;48;2;146;147;148m▔[38;2;123;130;135;48;2;96;118;128m▏[38;2;54;102;120;48;2;148;135;128m▃[38;2;45;88;110;48;2;132;131;139m▆[38;2;40;89;108;48;2;105;119;118m▃[38;2;71;103;113;48;2;121;128;124m▂[38;2;92;114;121;48;2;35;84;107m▘[38;2;96;110;115;48;2;68;101;116m▝[38;2;52;99;120;48;2;112;125;128m▃[38;2;63;108;124;48;2;109;128;129m▂[38;2;75;115;130;48;2;158;154;146m▅[38;2;85;120;132;48;2;140;144;138m▅[38;2;76;114;126;48;2;126;142;144m▀[38;2;91;129;141;48;2;58;104;124m▀[38;2;116;137;145;48;2;80;115;129m▋[38;2;77;118;133;48;2;112;133;143m▀[38;2;103;134;145;48;2;58;102;123m▘[38;2;74;110;129;48;2;115;137;149m▖[38;2;62;100;131;48;2;92;117;136m▁[38;2;54;94;126;48;2;85;109;127m▅[38;2;7;8;9;48;2;50;81;105m▗[38;2;5;5;6;48;2;5;5;5m▏[38;2;6;6;6m▖▗ ▋[0m
[7m[38;2;6;6;6m [0m[38;2;0;0;0;48;2;6;6;6m [38;2;5;6;6m▔[38;2;6;6;7m▔[38;2;7;7;9;48;2;6;6;7m▔[38;2;7;9;10m▔[38;2;79;70;67;48;2;6;6;8m▝[38;2;62;54;53;48;2;138;117;111m▖[38;2;131;115;109;48;2;139;124;118m▘[38;2;152;134;131;48;2;136;124;118m▁[38;2;151;133;128;48;2;127;116;108m▗[38;2;150;134;128;48;2;126;116;105m▂[38;2;59;87;98;48;2;112;110;102m▂[38;2;31;78;97;48;2;81;101;101m▆[38;2;70;93;99;48;2;139;131;119m▍[38;2;150;138;129;48;2;106;113;109m▆[38;2;141;132;130;48;2;40;86;109m▅[38;2;149;147;146;48;2;58;98;115m▃[38;2;75;107;126;48;2;98;123;143m▀[38;2;82;86;74;48;2;92;121;138m▆[38;2;108;105;96;48;2;54;99;122m▆[38;2;40;91;115;48;2;131;134;145m▀[38;2;128;138;148;48;2;83;116;136m▝[38;2;96;125;141;48;2;151;151;153m▖[38;2;95;122;138;48;2;149;148;148m▁[38;2;45;96;122;48;2;116;126;133m▃[38;2;40;91;115;48;2;111;124;130m▆[38;2;54;94;117;48;2;101;120;128m▖[38;2;72;111;131;48;2;107;131;140m▅[38;2;61;110;135;48;2;23;79;111m▁[38;2;38;91;124;48;2;19;77;111m▁[38;2;72;114;141;48;2;23;83;114m▁[38;2;124;146;155;48;2;29;86;114m▂[38;2;105;128;141;48;2;38;93;116m▅[38;2;76;112;132;48;2;127;142;146m▃[38;2;82;117;138;48;2;118;140;149m▂[38;2;44;93;128;48;2;86;122;140m▂[38;2;110;136;147;48;2;48;102;130m▔[38;2;110;133;142;48;2;28;92;124m▔[38;2;70;117;142;48;2;41;97;128m▕[38;2;105;130;147;48;2;49;104;135m▁[38;2;131;148;158;48;2;64;110;137m▞[38;2;68;115;146;48;2;102;131;152m▁[38;2;128;152;165;48;2;72;117;147m▘[38;2;105;134;157;48;2;62;105;139m▘[38;2;85;113;158;48;2;62;102;140m▂[38;2;6;6;7;48;2;52;73;106m▗[38;2;10;11;13;48;2;6;5;6m▏[48;2;6;6;6m   [38;2;6;6;6;48;2;5;5;5m▅[48;2;6;6;6m [0m
[7m[38;2;6;6;6m [0m[38;2;7;7;7;48;2;6;6;6m▁▁ ▁▔[38;2;6;6;7m▔[38;2;47;42;42;48;2;8;8;9m▔[38;2;12;11;12;48;2;117;101;98m▖[38;2;141;120;114;48;2;149;130;126m▊[38;2;141;127;124;48;2;105;108;115m▋[38;2;99;104;113;48;2;130;124;132m▀[38;2;83;100;110;48;2;121;115;120m▐[38;2;108;112;118;48;2;152;131;130m▏[38;2;178;150;152;48;2;111;119;127m▂[38;2;70;99;115;48;2;139;136;129m▆[38;2;95;109;115;48;2;147;137;135m▍[38;2;84;107;120;48;2;147;138;135m▗[38;2;50;88;109;48;2;128;135;140m▂[38;2;113;119;125;48;2;139;139;147m▖[38;2;106;101;89;48;2;139;143;151m▀[38;2;113;134;154;48;2;100;90;82m▃[38;2;112;118;125;48;2;132;147;165m▎[38;2;100;130;154;48;2;73;114;139m▎[38;2;93;126;143;48;2;48;100;127m▕[38;2;18;81;116;48;2;104;131;145m▁[38;2;20;84;121;48;2;98;128;139m▂[38;2;22;87;120;48;2;113;134;143m▂[38;2;84;119;141;48;2;25;81;118m▁[38;2;108;135;151;48;2;40;96;125m▂[38;2;179;178;183;48;2;65;108;134m▂[38;2;169;170;179;48;2;70;111;138m▃[38;2;126;139;148;48;2;165;167;170m▕[38;2;67;103;124;48;2;142;151;162m▀[38;2;133;147;163;48;2;86;117;140m▞[38;2;150;156;164;48;2;73;115;140m▂[38;2;89;124;156;48;2;46;99;134m▝[38;2;104;132;158;48;2;61;105;136m▂[38;2;80;116;143;48;2;159;165;175m▀[38;2;91;119;146;48;2;129;144;155m▆[38;2;101;128;153;48;2;157;157;163m▅[38;2;96;130;158;48;2;73;113;141m▖[38;2;83;121;150;48;2;70;112;147m▎[38;2;92;115;156;48;2;45;98;139m▃[38;2;47;65;101;48;2;97;118;154m▂[38;2;82;94;134;48;2;14;16;22m▘[48;2;6;6;6m     [38;2;7;7;7m▁[38;2;6;6;6;48;2;7;7;7m▀[0m
[7m[38;2;6;6;6m [0m[38;2;7;7;7;48;2;6;6;6m▔  ▔ ▗▔[38;2;5;6;5m▕[38;2;115;94;89;48;2;15;14;14m▝[38;2;47;44;44;48;2;140;117;113m▂[38;2;141;122;122;48;2;156;135;134m▃[38;2;79;99;114;48;2;145;128;127m▔[38;2;81;97;110;48;2;142;125;126m▀[38;2;166;137;139;48;2;106;111;123m▀[38;2;123;121;127;48;2;162;142;145m▂[38;2;145;138;143;48;2;78;100;112m▆[38;2;109;118;127;48;2;84;104;117m▋[38;2;72;98;116;48;2;90;110;123m▞[38;2;110;122;133;48;2;70;98;117m▐[38;2;100;88;84;48;2;147;146;151m▁[38;2;133;140;151;48;2;89;118;137m▅[38;2;121;136;150;48;2;61;99;129m▋[38;2;137;142;152;48;2;48;94;129m▁[38;2;99;126;151;48;2;27;83;120m▁[38;2;102;125;147;48;2;20;84;119m▆[38;2;133;144;161;48;2;49;97;132m▃[38;2;141;150;164;48;2;33;91;123m▃[38;2;167;166;176;48;2;92;120;144m▃[38;2;100;126;148;48;2;162;166;175m▘[38;2;100;119;146;48;2;153;158;169m▁[38;2;104;124;154;48;2;128;141;162m▅[38;2;116;137;155;48;2;62;107;141m▔[38;2;72;113;147;48;2;69;108;143m▏[38;2;77;112;145;48;2;132;144;162m▋[38;2;87;120;155;48;2;137;150;167m▗[38;2;27;91;126;48;2;88;123;154m▔[38;2;75;115;146;48;2;95;127;157m▋[38;2;55;100;142;48;2;92;125;155m▗[38;2;35;90;140;48;2;81;120;152m▂[38;2;66;106;146;48;2;100;133;162m▆[38;2;69;105;147;48;2;81;111;152m▞[38;2;66;60;98;48;2;89;105;150m▁[38;2;70;93;140;48;2;15;18;29m▀[38;2;24;36;57;48;2;7;8;9m▔[38;2;7;7;7;48;2;6;6;6m▕  ▔ ▗▔ [0m
[?25h